1001 SCORPION Scorpion Scorpion 24 1109 0 287 176 1 80 135 30 0 1 24 24 5 52 5 10 12 0 4 23 12693 200 1564 864 576 0 0 0 0 0 0 0 0 990 70 904 5500 757 57 943 210 7041 100 508 200 625 20 0 0 0 0 4068 1 
1002 PORING Poring Poring 1 50 0 2 1 1 7 10 0 5 1 1 1 0 6 30 10 12 1 3 21 131 400 1872 672 480 0 0 0 0 0 0 0 0 909 7000 1202 100 938 400 512 1000 713 1500 512 150 619 20 0 0 0 0 4001 1 
1004 HORNET Hornet Hornet 8 169 0 19 15 1 22 27 5 5 6 20 8 10 17 5 10 12 0 4 24 4489 150 1292 792 216 0 0 0 0 0 0 0 0 992 80 939 9000 909 3500 1208 15 511 350 518 150 0 0 0 0 0 0 4019 1 
1005 FARMILIAR Familiar Familiar 8 155 0 28 15 1 20 28 0 0 1 12 8 5 28 0 10 12 0 2 27 14469 150 1276 576 384 0 0 0 0 0 0 0 0 913 5500 1105 20 2209 15 601 50 514 100 507 700 645 50 0 0 0 0 4020 1 
1007 FABRE Fabre Fabre 2 63 0 3 2 1 8 11 0 0 1 2 4 0 7 5 10 12 0 4 22 385 400 1672 672 480 0 0 0 0 0 0 0 0 914 6500 949 500 1502 80 721 5 511 700 705 1000 1501 200 0 0 0 0 4002 1 
1008 PUPA Pupa Pupa 2 427 0 2 4 0 1 2 0 20 1 1 1 0 1 20 10 12 0 4 22 256 1000 1001 1 1 0 0 0 0 0 0 0 0 1010 80 915 5500 938 600 2102 2 935 1000 938 600 1002 200 0 0 0 0 4003 1 
1009 CONDOR Condor Condor 5 92 0 6 5 1 11 14 0 0 1 13 5 0 13 10 10 12 1 2 24 4233 150 1148 648 480 0 0 0 0 0 0 0 0 917 9000 1702 150 715 80 1750 5500 517 400 916 2000 582 600 0 0 0 0 4015 1 
1010 WILOW Willow Willow 4 95 0 5 4 1 9 12 5 15 1 4 8 30 9 10 10 12 1 3 22 129 200 1672 672 432 0 0 0 0 0 0 0 0 902 9000 1019 100 907 1500 516 700 1068 3500 1067 2000 1066 1000 0 0 0 0 4010 1 
1011 CHONCHON Chonchon Chonchon 4 67 0 5 4 1 10 13 10 0 1 10 4 5 12 2 10 12 0 4 24 385 200 1076 576 480 0 0 0 0 0 0 0 0 998 50 935 6500 909 1500 1205 55 601 100 742 5 1002 150 0 0 0 0 4009 1 
1012 RODA_FROG Roda Frog Roda Frog 5 133 0 6 5 1 11 14 0 5 1 5 5 5 10 5 10 12 1 5 21 129 200 2016 816 288 0 0 0 0 0 0 0 0 918 9000 908 500 511 300 721 7 713 2000 0 0 0 0 0 0 0 0 4014 1 
1013 WOLF Wolf Wolf 25 919 0 329 199 1 37 46 0 0 1 20 28 15 32 20 10 12 1 2 22 4233 200 1054 504 432 0 0 0 0 0 0 0 0 1011 20 920 9000 2308 10 517 650 528 1050 919 5500 578 600 0 0 0 0 4029 1 
1014 SPORE Spore Spore 16 510 0 66 108 1 24 48 0 5 1 12 12 5 19 8 10 12 1 3 21 129 200 1872 672 288 0 0 0 0 0 0 0 0 921 9000 507 800 510 50 743 10 2220 40 7033 5 578 600 0 0 0 0 4022 1 
1015 ZOMBIE Zombie Zombie 15 534 0 50 33 1 67 79 0 10 1 8 7 0 15 0 10 12 1 1 29 14469 400 2612 912 288 0 0 0 0 0 0 0 0 957 9000 724 5 938 1000 958 50 727 70 0 0 0 0 0 0 0 0 4038 1 
1016 ARCHER_SKELETON Archer Skeleton Archer Skeleton 31 3040 0 483 283 9 128 153 0 0 1 8 14 5 90 5 10 12 1 1 29 8325 300 2864 864 576 0 0 0 0 0 0 0 0 932 4500 756 70 2285 3 1708 35 1752 1000 507 1800 1701 150 0 0 0 0 4094 1 
1018 CREAMY Creamy Creamy 16 595 0 105 70 1 53 64 0 30 1 40 16 15 16 55 10 12 0 4 24 385 150 1136 720 840 0 0 0 0 0 0 0 0 924 9000 2322 10 518 150 602 100 2207 2 712 500 692 100 0 0 0 0 4040 1 
1019 PECOPECO Peco Peco Peco Peco 19 531 0 159 72 1 50 64 0 0 1 13 13 25 27 9 10 12 2 2 23 4233 200 1564 864 576 0 0 0 0 0 0 0 0 925 9000 2402 20 508 200 507 900 1604 100 0 0 582 1000 0 0 0 0 4031 1 
1020 MANDRAGORA Mandragora Mandragora 12 405 0 45 32 4 26 35 0 25 1 12 24 0 36 15 10 12 1 3 62 132 1000 1768 768 576 0 0 0 0 0 0 0 0 993 50 905 9000 1405 30 511 350 711 300 706 3 1967 10 0 0 0 0 4030 1 
1023 ORK_WARRIOR Orc Warrior Orc Warrior 24 1400 0 408 160 1 104 126 10 5 1 24 48 25 34 10 10 12 1 7 22 14469 200 1864 864 288 0 0 0 0 0 0 0 0 998 210 931 9000 756 40 2267 3 1352 10 1304 5 1301 100 0 0 0 0 4066 1 
1024 WORM_TAIL Wormtail Wormtail 14 426 0 59 40 2 42 51 5 0 1 14 28 5 46 5 10 12 1 3 22 145 200 1048 48 192 0 0 0 0 0 0 0 0 993 60 1011 25 906 5500 1408 30 508 70 721 5 10015 100 0 0 0 0 4034 1 
1025 SNAKE Snake Boa 15 471 0 72 48 1 46 55 0 0 1 15 15 10 35 5 10 12 1 2 22 129 200 1576 576 576 0 0 0 0 0 0 0 0 926 9000 1117 15 507 900 1011 35 937 800 954 1 578 600 0 0 0 0 4037 1 
1026 MUNAK Munak Munak 30 2872 0 601 318 1 150 230 0 0 1 15 20 5 46 15 10 12 1 1 29 14469 200 2468 768 288 0 0 0 0 0 0 0 0 901 9000 2264 2 2404 15 609 20 2337 1 2305 100 1558 5 0 0 0 0 4090 1 
1028 SOLDIER_SKELETON Soldier Skeleton Soldier Skeleton 29 2334 0 372 226 1 221 245 10 15 1 15 22 5 40 15 10 12 1 1 29 14469 200 2276 576 432 0 0 0 0 0 0 0 0 932 5500 756 60 1214 12 507 700 934 10 1201 150 1216 50 0 0 0 0 4086 1 
1029 ISIS Isis Isis 47 7003 0 3709 1550 1 423 507 10 35 38 65 43 50 66 15 10 12 2 6 27 12693 200 1384 768 336 0 0 0 0 0 0 0 0 936 5335 2233 5 2603 1 733 150 732 20 954 1000 731 5 0 0 0 0 4116 1 
1030 ANACONDAQ Anacondaq Anacondaq 23 1109 0 300 149 1 124 157 0 0 1 23 28 10 36 5 10 12 1 2 25 145 200 1576 576 576 0 0 0 0 0 0 0 0 1011 50 937 9000 1455 10 926 1500 936 200 508 150 756 50 0 0 0 0 4062 1 
1031 POPORING Poporing Poporing 14 344 0 81 44 1 59 72 0 10 1 14 14 0 19 15 10 12 1 3 25 131 300 1672 672 480 0 0 0 0 0 0 0 0 938 5500 910 1500 511 500 514 200 512 5 1207 5 512 250 0 0 0 0 4033 1 
1032 VERIT Verit Verit 38 5272 0 835 517 1 389 469 0 5 1 19 38 0 38 20 10 12 1 1 29 131 250 2468 768 480 0 0 0 0 0 0 0 0 929 9000 912 700 930 1100 509 600 2609 1 2612 200 639 20 0 0 0 0 4107 1 
1033 ELDER_WILOW Elder Willow Elder Willow 20 693 0 163 101 1 58 70 10 30 1 20 25 35 38 30 10 12 1 3 43 12437 200 1372 672 432 0 0 0 0 0 0 0 0 990 50 907 9000 1019 350 757 40 2329 30 690 100 604 100 0 0 0 0 4052 1 
1034 THARA_FROG Thara Frog Thara Frog 22 2152 0 219 138 1 105 127 0 10 1 22 22 5 34 10 10 12 1 5 41 129 200 2016 816 288 0 0 0 0 0 0 0 0 1011 45 908 5500 911 600 509 30 725 5 918 2000 0 0 0 0 0 0 4058 1 
1035 HUNTER_FLY Hunter Fly Hunter Fly 42 5242 0 1517 952 1 246 333 25 15 33 105 32 15 72 30 10 12 0 4 44 14725 150 676 576 480 0 0 0 0 0 0 0 0 996 30 999 100 943 5335 912 1300 756 129 2259 1 1226 2 0 0 0 0 4115 1 
1036 GHOUL Ghoul Ghoul 40 5418 0 1088 622 1 420 500 5 20 1 20 29 0 45 20 10 12 1 1 49 14469 250 2456 912 504 0 0 0 0 0 0 0 0 958 6000 756 110 509 700 511 800 2609 60 934 150 1260 1 0 0 0 0 4110 1 
1037 SIDE_WINDER Side Winder Side Winder 43 4929 0 1996 993 1 240 320 5 10 38 43 40 15 115 20 10 12 1 2 25 12437 200 1576 576 576 0 0 0 0 0 0 0 0 954 5335 912 1400 756 134 1120 2 937 2500 926 5000 509 1000 0 0 0 0 4117 1 
1038 OSIRIS Osiris Osiris 78 415400 0 71500 28600 1 780 2880 10 25 1 75 30 37 86 40 10 12 1 1 89 14261 100 1072 672 384 35750 10000 603 4000 608 3000 751 500 617 2000 1232 150 2235 200 1255 600 1009 1000 5053 150 1285 100 0 0 0 0 4144 1 
1039 BAPHOMET Baphomet Baphomet 81 668000 0 107250 37895 2 3220 4040 35 45 1 152 30 85 120 95 10 12 2 6 67 14261 100 768 768 576 53625 10000 607 2000 750 500 923 5000 1466 200 2256 200 1476 50 714 500 5160 10 985 5432 984 4171 0 0 0 0 4147 1 
1040 GOLEM Golem Golem 25 3900 0 465 94 1 175 187 40 0 1 15 25 0 15 0 10 12 2 0 60 145 300 1608 816 396 0 0 0 0 0 0 0 0 999 150 953 9000 912 220 757 70 1003 210 715 200 998 350 0 0 0 0 4072 1 
1041 MUMMY Mummy Mummy 37 5176 0 800 602 1 305 360 0 10 28 19 32 0 63 20 10 12 1 1 49 14469 300 1772 72 384 0 0 0 0 0 0 0 0 930 9000 756 100 934 550 2604 1 2611 10 525 250 508 850 0 0 0 0 4106 1 
1042 STEEL_CHONCHON Steel Chonchon Steel Chonchon 17 530 0 109 71 1 54 65 15 0 1 43 17 5 33 10 10 12 0 4 24 4491 150 1076 576 480 0 0 0 0 0 0 0 0 992 90 999 30 910 2400 935 9000 943 30 998 200 1002 300 0 0 0 0 4042 1 
1044 OBEAUNE Obeaune Obeaune 31 3952 0 644 407 1 141 165 0 40 1 31 31 55 74 85 10 12 1 5 41 12437 200 1872 672 288 0 0 0 0 0 0 0 0 995 13 950 9000 5014 1 2326 10 720 10 951 500 748 30 0 0 0 0 4093 1 
1045 MARC Marc Marc 36 6900 0 988 625 1 220 280 5 10 1 36 36 20 56 30 10 12 1 5 41 14469 150 1272 72 480 0 0 0 0 0 0 0 0 995 18 956 9000 756 95 951 1000 720 10 717 200 509 700 0 0 0 0 4105 1 
1046 DOPPELGANGER Doppelganger Doppelganger 72 249000 0 51480 10725 1 1340 1590 60 35 88 90 30 35 125 65 10 12 1 6 67 14261 100 480 480 288 25740 10000 724 1500 505 6000 0 0 2317 250 1162 220 1168 150 2258 350 1411 550 985 3686 984 2700 0 0 0 0 4142 1 
1047 PECOPECO_EGG Peco Peco Egg Peco Peco Egg 3 420 0 4 4 0 1 2 20 20 1 1 1 0 1 20 10 12 0 0 60 0 1000 1001 1 1 0 0 0 0 0 0 0 0 1010 250 935 1500 2102 2 507 400 507 400 713 1800 736 10 0 0 0 0 4007 1 
1048 THIEF_BUG_EGG Thief Bug Egg Thief Bug Egg 4 48 0 8 4 0 13 17 20 0 1 6 4 0 14 20 10 12 0 4 27 256 1000 701 1 1 0 0 0 0 0 0 0 0 1010 300 915 5000 2102 2 938 600 716 100 737 10 1002 250 0 0 0 0 4012 1 
1049 PICKY Picky Picky 3 80 0 4 3 1 9 12 0 0 1 3 3 5 10 30 10 12 0 2 23 129 200 988 288 168 0 0 0 0 0 0 0 0 916 9000 949 700 2302 150 507 550 519 300 715 50 0 0 0 0 0 0 4008 1 
1050 PICKY_ Picky Picky 4 83 0 5 4 1 8 11 20 0 1 3 3 10 11 20 10 12 0 2 23 129 200 988 288 168 0 0 0 0 0 0 0 0 916 9000 949 700 5015 10 507 600 519 300 715 50 10012 10 0 0 0 0 4011 1 
1051 THIEF_BUG Thief Bug Thief Bug 6 126 0 17 5 1 18 24 5 0 1 6 6 0 11 0 10 12 0 4 60 4491 150 1288 288 768 0 0 0 0 0 0 0 0 955 2500 2304 80 507 350 909 2000 2303 120 1002 250 0 0 0 0 0 0 4016 1 
1052 ROCKER Rocker Rocker 9 198 0 20 16 1 24 29 5 10 1 9 18 10 14 15 10 12 1 4 22 385 200 1864 864 540 0 0 0 0 0 0 0 0 940 9000 1916 10 2298 4 1402 80 520 10 752 10 703 10 0 0 0 0 4021 1 
1053 THIEF_BUG_ Thief Bug Female Thief Bug Female 10 170 0 35 18 1 33 40 5 5 1 15 10 5 23 5 10 12 1 4 27 4491 200 988 288 768 0 0 0 0 0 0 0 0 955 3500 910 250 1108 15 928 200 507 400 716 50 1002 300 0 0 0 0 4026 1 
1054 THIEF_BUG__ Thief Bug Male Thief Bug Male 19 583 0 223 93 1 76 88 15 5 1 29 16 5 36 0 10 12 1 4 27 12685 300 988 288 768 0 0 0 0 0 0 0 0 1011 40 928 5500 955 1500 1152 10 508 90 729 5 1116 50 0 0 0 0 4050 1 
1055 MUKA Muka Muka 17 610 0 273 120 1 40 49 5 5 15 15 30 5 20 10 10 12 2 3 22 129 300 1960 960 384 0 0 0 0 0 0 0 0 993 70 952 9000 713 2000 511 400 507 1000 1451 50 1002 250 0 0 0 0 4036 1 
1056 SMOKIE Smokie Smokie 18 641 0 134 86 1 61 72 0 10 1 18 36 25 26 35 10 12 0 2 22 145 200 1576 576 420 0 0 0 0 0 0 0 0 945 5500 919 5500 516 800 2213 1 754 2 912 5 729 2 0 0 0 0 4044 1 
1057 YOYO Yoyo Yoyo 21 879 0 280 111 1 71 82 0 0 1 24 30 35 32 55 10 12 0 2 22 4235 200 1054 54 384 0 0 0 0 0 0 0 0 942 9000 513 1500 508 200 7182 900 753 10 756 24 578 1000 0 0 0 0 4051 1 
1058 METALLER Metaller Metaller 22 926 0 241 152 1 131 159 15 30 1 22 22 20 49 50 10 12 1 4 23 4491 200 1708 1008 540 0 0 0 0 0 0 0 0 990 60 940 6500 911 400 757 49 707 20 935 3000 1914 10 0 0 0 0 4057 1 
1059 MISTRESS Mistress Mistress 74 212000 0 39325 27170 1 880 1110 40 60 50 165 60 95 70 130 10 12 0 4 84 14261 100 1148 648 300 19662 10000 996 1500 526 4000 722 3000 1413 150 518 10000 2249 250 616 1000 7018 10 985 4268 16001 100 0 0 0 0 4132 1 
1060 BIGFOOT Bigfoot Bigfoot 25 1619 0 310 188 1 198 220 10 0 1 25 55 15 20 25 10 12 2 2 22 145 300 1260 192 192 0 0 0 0 0 0 0 0 948 9000 2289 5 919 5000 740 80 516 1500 518 450 756 43 0 0 0 0 4074 1 
1061 NIGHTMARE Nightmare Nightmare 49 4437 0 1912 1912 1 447 529 0 40 1 74 25 15 64 10 10 12 2 6 68 13205 150 1816 816 432 0 0 0 0 0 0 0 0 944 6000 510 500 2608 2 603 30 505 100 1261 1 984 60 0 0 0 0 4127 1 
1062 PORING_ Santa Poring Santa Poring 3 69 0 4 5 1 12 16 0 0 1 14 3 10 12 90 10 12 1 3 26 129 400 1672 672 480 0 0 0 0 0 0 0 0 529 2000 530 1000 507 1000 512 1000 2236 100 512 7 0 0 0 0 0 0 4005 1 
1063 LUNATIC Lunatic Lunatic 3 60 0 6 2 1 9 12 0 20 1 3 3 10 8 60 10 12 0 2 60 129 200 1456 456 336 0 0 0 0 0 0 0 0 705 6500 949 1000 2262 4 512 2000 507 600 515 1100 622 20 0 0 0 0 4006 1 
1064 MEGALODON Megalodon Megalodon 24 1648 0 215 132 1 155 188 0 15 1 12 24 0 26 5 10 12 1 1 29 129 200 2492 792 432 0 0 0 0 0 0 0 0 959 5500 932 1500 510 80 717 120 719 10 603 2 624 20 0 0 0 0 4067 1 
1065 STROUF Strouf Strouf 48 11990 0 3080 2098 1 200 1250 5 50 1 40 45 92 43 65 10 12 2 5 61 14469 150 1872 672 384 0 0 0 0 0 0 0 0 951 5335 756 115 2241 2 1461 2 949 3000 720 20 956 1500 0 0 0 0 4111 1 
1066 VADON Vadon Vadon 19 1017 0 135 85 1 74 85 20 0 1 19 16 10 36 15 10 12 0 5 21 145 300 1632 432 540 0 0 0 0 0 0 0 0 991 40 960 9000 910 3000 2313 5 943 100 757 40 717 50 0 0 0 0 4049 1 
1067 CORNUTUS Cornutus Cornutus 23 1620 0 240 149 1 109 131 30 0 1 23 23 5 36 12 10 12 0 5 21 145 200 1248 48 480 0 0 0 0 0 0 0 0 991 45 961 5500 911 800 757 53 2106 5 943 1000 717 100 0 0 0 0 4061 1 
1068 HYDRA Hydra Hydra 14 660 0 59 40 7 22 28 0 40 1 14 14 0 40 2 10 12 0 3 41 132 1000 800 432 600 0 0 0 0 0 0 0 0 1011 25 962 5500 938 1500 971 20 525 5 517 700 0 0 0 0 0 0 4035 1 
1069 SWORD_FISH Swordfish Swordfish 30 4299 0 1251 638 1 168 199 5 20 1 30 30 41 62 30 10 12 2 5 41 14469 200 1968 768 384 0 0 0 0 0 0 0 0 995 10 963 9000 756 33 2257 2 757 50 1117 25 956 600 0 0 0 0 4089 1 
1070 KUKRE Kukre Kukre 11 507 0 38 28 1 28 37 15 0 1 11 11 5 16 2 10 12 0 5 21 131 150 1776 576 288 0 0 0 0 0 0 0 0 991 30 955 5500 910 400 528 500 507 650 928 450 623 20 0 0 0 0 4027 1 
1071 PIRATE_SKEL Pirate Skeleton Pirate Skeleton 25 1676 0 233 142 1 145 178 10 15 25 13 25 5 25 10 10 12 1 1 29 14469 200 1754 554 288 0 0 0 0 0 0 0 0 932 3000 2287 15 7477 5 2211 250 1104 250 756 43 628 20 0 0 0 0 4073 1 
1072 KAHO Kaho Kaho 60 8409 0 3990 450 1 110 760 5 50 1 55 43 88 80 46 10 12 1 6 83 14725 150 1700 1000 500 0 0 0 0 0 0 0 0 994 30 1003 150 7097 3000 690 100 757 1000 716 300 970 5 0 0 0 0 4065 1 
1073 CRAB Crab Crab 20 2451 0 163 101 1 71 81 35 0 18 20 15 0 36 15 7 12 0 5 21 129 200 992 792 360 0 0 0 0 0 0 0 0 964 5500 960 1500 7049 700 1001 13 0 0 0 0 757 37 0 0 0 0 4153 1 
1074 SHELLFISH Shellfish Shellfish 15 920 0 66 44 1 35 42 35 0 1 12 8 0 32 5 10 12 0 5 21 145 200 864 864 384 0 0 0 0 0 0 0 0 965 5500 966 1000 7049 500 1056 1000 1001 10 0 0 757 18 0 0 0 0 4273 1 
1076 SKELETON Skeleton Skeleton 10 234 0 18 14 1 39 47 10 10 1 5 10 0 12 0 10 12 1 1 29 145 200 2228 528 576 0 0 0 0 0 0 0 0 1010 90 932 800 1505 80 909 3000 507 850 2609 30 0 0 0 0 0 0 4025 1 
1077 POISON_SPORE Poison Spore Poison Spore 19 665 0 186 93 1 89 101 0 0 1 19 25 0 24 0 10 12 1 3 25 14469 200 1672 672 288 0 0 0 0 0 0 0 0 7033 9000 2221 20 511 550 510 60 972 50 921 1200 912 5 0 0 0 0 4048 1 
1078 RED_PLANT Red Plant Red Plant 1 10 0 0 0 1 1 2 100 99 0 0 0 0 0 0 7 12 0 3 22 64 2000 1 1 1 0 0 0 0 0 0 0 0 507 5500 712 1000 711 1000 905 500 906 300 914 500 708 50 2269 2 0 0 0 0 
1079 BLUE_PLANT Blue Plant Blue Plant 1 10 0 0 0 1 1 2 100 99 0 0 0 0 0 0 7 12 0 3 22 64 2000 1 1 1 0 0 0 0 0 0 0 0 510 5500 712 1000 711 1000 905 500 906 300 522 50 514 1000 2270 2 0 0 0 0 
1080 GREEN_PLANT Green Plant Green Plant 1 10 0 0 0 1 1 2 100 99 0 0 0 0 0 0 7 12 0 3 22 64 2000 1 1 1 0 0 0 0 0 0 0 0 511 7000 712 1000 621 20 905 3000 906 1500 704 50 521 50 2270 2 0 0 0 0 
1081 YELLOW_PLANT Yellow Plant Yellow Plant 1 10 0 0 0 1 1 2 100 99 0 0 0 0 0 0 7 12 0 3 22 64 2000 1 1 1 0 0 0 0 0 0 0 0 508 5500 712 1000 711 1000 905 500 906 300 707 5 914 500 2269 2 0 0 0 0 
1082 WHITE_PLANT White Plant White Plant 1 10 0 0 0 1 1 2 100 99 0 0 0 0 0 0 7 12 0 3 22 64 2000 1 1 1 0 0 0 0 0 0 0 0 509 5500 712 1000 631 20 905 3000 906 1500 521 50 703 50 2269 2 0 0 0 0 
1083 SHINING_PLANT Shining Plant Shining Plant 1 20 0 0 0 1 1 2 100 99 0 0 0 0 0 90 7 12 0 3 26 64 2000 1 1 1 0 0 0 0 0 0 0 0 510 5500 508 1000 509 1000 710 5 608 20 518 500 607 50 714 1 0 0 0 0 
1084 BLACK_MUSHROOM Black Mushroom Black Mushroom 1 15 0 0 0 1 1 2 100 99 0 0 0 0 0 0 7 12 0 3 22 64 2000 1 1 1 0 0 0 0 0 0 0 0 970 50 971 50 630 20 949 2000 991 800 921 5500 921 5500 7033 5500 0 0 0 0 
1085 RED_MUSHROOM Red Mushroom Red Mushroom 1 15 0 0 0 1 1 2 100 99 0 0 0 0 0 0 7 12 0 3 22 64 2000 1 1 1 0 0 0 0 0 0 0 0 970 50 972 50 630 20 949 2000 990 1000 921 5500 921 5500 7033 5500 0 0 0 0 
1086 GOLDEN_BUG Golden Thief Bug Golden Thief Bug 64 126000 0 14300 7150 1 870 1145 60 45 65 75 35 45 85 150 10 12 2 4 43 4523 100 768 768 480 7150 10000 2610 2000 701 1000 0 0 969 1000 1524 150 2246 250 10016 500 714 300 985 2000 984 1500 0 0 0 0 4128 1 
1087 ORK_HERO Orc Hero Orc Hero 77 585700 0 58630 32890 1 2257 2542 40 45 1 91 30 70 105 90 10 12 2 7 42 14261 150 1678 780 648 29315 10000 725 2000 607 1500 999 5000 968 9700 10018 500 1366 150 2106 250 1124 1000 985 4559 1387 100 0 0 0 0 4143 1 
1088 VOCAL Vocal Vocal 18 3016 0 110 88 1 71 82 10 30 77 28 26 30 53 40 10 12 1 4 22 14229 200 1080 648 480 0 0 0 0 0 0 0 0 2247 50 940 8000 721 1000 752 1500 2420 1000 645 700 1917 10 0 0 0 0 4211 1 
1089 TOAD Toad Toad 10 5065 0 100 50 1 26 32 0 0 1 5 10 10 10 25 10 12 1 5 21 14261 200 1236 336 432 0 0 0 0 0 0 0 0 2244 50 518 2000 729 1000 746 1500 970 100 971 100 5125 1000 0 0 0 0 4306 1 
1090 MASTERING Mastering Mastering 2 2415 0 30 10 1 18 24 0 10 1 2 2 0 17 60 10 12 1 3 21 14261 300 1072 672 480 0 0 0 0 0 0 0 0 2257 200 619 50 722 1000 2116 1000 512 8000 512 8000 531 4000 0 0 0 0 4197 1 
1091 DRAGON_FLY Dragon Fly Dragon Fly 8 2400 0 88 44 1 22 27 40 0 1 20 8 15 17 5 10 12 0 4 24 14261 100 1076 576 480 0 0 0 0 0 0 0 0 2245 200 507 8000 719 1500 742 2000 2607 3000 625 50 533 3000 0 0 0 0 4179 1 
1092 VAGABOND_WOLF Vagabond Wolf Vagabond Wolf 24 12240 0 247 176 1 135 159 10 0 57 45 48 20 50 65 10 12 1 2 22 14261 150 1048 648 432 0 0 0 0 0 0 0 0 2248 200 920 8000 728 1500 1148 100 2521 1000 725 10 626 50 0 0 0 0 4183 1 
1093 ECLIPSE Eclipse Eclipse 6 1800 0 60 55 1 20 26 0 40 1 36 6 0 11 80 10 12 1 2 60 14261 200 1456 456 336 0 0 0 0 0 0 0 0 2250 200 507 8000 727 1200 746 1500 706 30 622 50 2355 1000 0 0 0 0 4266 1 
1094 AMBERNITE Ambernite Ambernite 13 495 0 57 38 1 39 46 30 0 1 13 13 5 18 5 10 12 2 4 21 401 400 2048 648 648 0 0 0 0 0 0 0 0 991 50 946 9000 910 1200 935 3000 943 2 757 14 1002 150 0 0 0 0 4032 1 
1095 ANDRE Andre Andre 17 688 0 109 71 1 60 71 10 0 1 17 24 20 26 20 10 12 0 4 22 4491 300 1288 288 384 0 0 0 0 0 0 0 0 955 9000 910 1000 938 500 993 50 1001 4 1002 350 757 28 0 0 0 0 4043 1 
1096 ANGELING Angeling Angeling 20 55000 0 163 144 1 120 195 0 70 1 50 20 75 68 200 10 12 1 8 86 14261 200 1072 672 672 0 0 0 0 0 0 0 0 2254 100 2324 60 610 500 2282 1 509 2000 512 28 714 40 0 0 0 0 4054 1 
1097 ANT_EGG Ant Egg Ant Egg 4 420 0 5 4 0 1 2 20 20 1 1 1 0 1 20 10 12 0 0 60 0 1000 1001 1 1 0 0 0 0 0 0 0 0 1010 320 935 2000 909 2000 938 650 713 2000 1002 200 0 0 0 0 0 0 4013 1 
1098 ANUBIS Anubis Anubis 75 38000 0 28000 22000 1 530 1697 25 31 5 65 10 82 77 33 10 12 2 7 49 13973 150 1250 768 360 0 0 0 0 0 0 0 0 930 3000 1625 10 934 550 984 105 1045 4365 2617 1 1614 3 0 0 0 0 4138 1 
1099 ARGIOPE Argiope Argiope 41 4382 0 1797 849 1 395 480 30 0 1 41 31 10 56 30 10 12 2 4 25 14229 300 1792 792 336 0 0 0 0 0 0 0 0 1042 5335 912 1200 757 175 2406 5 511 1500 719 10 0 0 0 0 0 0 4114 1 
1100 ARGOS Argos Argos 25 1117 0 388 188 1 158 191 15 0 1 25 25 5 32 15 10 12 2 4 25 12693 300 1468 468 768 0 0 0 0 0 0 0 0 1025 9000 911 1200 1042 500 757 61 511 670 508 250 10017 15 0 0 0 0 4075 1 
1101 BAPHOMET_ Baphomet Jr. Baphomet Jr. 50 8578 0 2706 1480 1 487 590 15 25 1 75 55 1 93 45 10 12 0 6 27 14229 100 868 480 120 0 0 0 0 0 0 0 0 923 500 984 63 1464 2 607 50 610 100 508 1300 2405 50 0 0 0 0 4129 1 
1102 BATHORY Bathory Bathory 44 5415 0 2503 1034 1 198 398 0 60 1 76 24 85 65 15 10 12 1 7 27 13973 100 1504 840 900 0 0 0 0 0 0 0 0 1001 200 1061 4850 2252 3 1611 5 1000 30 1006 15 637 20 0 0 0 0 4119 1 
1103 CARAMEL Caramel Caramel 23 1424 0 264 162 1 90 112 5 5 35 23 46 5 38 10 10 12 0 2 22 145 200 1604 840 756 0 0 0 0 0 0 0 0 1027 9000 2310 5 919 5500 1455 10 1405 15 1408 20 0 0 0 0 0 0 4063 1 
1104 COCO Coco Coco 17 817 0 120 78 1 56 67 0 0 24 17 34 20 24 10 10 12 0 2 22 145 150 1864 864 1008 0 0 0 0 0 0 0 0 1026 9000 2502 20 914 3000 919 2500 516 500 2402 25 578 600 0 0 0 0 4041 1 
1105 DENIRO Deniro Deniro 19 760 0 135 85 1 68 79 15 0 1 19 30 20 43 10 10 12 0 4 22 4491 150 1288 288 576 0 0 0 0 0 0 0 0 955 9000 910 3000 938 1200 990 50 1001 8 1002 450 757 34 0 0 0 0 4043 1 
1106 DESERT_WOLF Desert Wolf Desert Wolf 27 1716 0 427 266 1 169 208 0 10 56 27 45 15 56 10 10 12 1 2 23 12429 200 1120 420 288 0 0 0 0 0 0 0 0 1253 5 7030 5500 2311 1 517 1200 920 2000 756 53 1217 140 0 0 0 0 4082 1 
1107 DESERT_WOLF_B Desert Wolf Baby Baby Desert Wolf 9 164 0 20 16 1 30 36 0 0 1 9 9 5 21 40 10 12 0 2 23 4233 300 1600 900 240 0 0 0 0 0 0 0 0 1010 85 919 5500 2306 80 517 600 2301 200 13011 5 582 1000 0 0 0 0 4023 1 
1108 DEVIACE Deviace Deviace 47 20090 0 9988 7207 1 514 1024 10 20 1 47 62 48 62 25 10 12 1 5 81 145 400 1680 480 384 0 0 0 0 0 0 0 0 995 25 1053 9000 1054 1000 5011 2 971 200 1256 3 756 161 0 0 0 0 4125 1 
