November 11 2011   05 07 09 25 31 37 39 22
November 4 2011    05 08 13 15 27 28 37 39
October 28 2011    02 04 18 20 29 38 41 09
October 21 2011    06 23 27 30 34 38 45 21
October 14 2011    01 03 07 19 31 39 49 17
October 7 2011     12 13 24 25 26 41 43 07
September 30 2011  05 06 07 12 14 18 25 38
September 23 2011  08 16 24 27 30 38 40 18
September 16 2011  12 18 22 24 28 43 49 21
September 9 2011   06 08 15 20 30 32 42 17
September 2 2011   02 03 08 13 18 20 23 10
August 26 2011     06 11 12 14 35 43 44 42
August 19 2011     04 14 24 41 43 46 49 01
August 12 2011     04 15 21 30 33 35 47 28
August 5 2011      11 17 18 20 22 29 45 27
July 29 2011       01 02 03 17 24 35 36 30
July 22 2011       04 13 23 28 32 40 42 12
July 15 2011       03 07 08 12 18 24 41 01
July 8 2011        17 22 28 38 41 43 45 05
July 1 2011        15 18 20 28 29 40 47 38
June 24 2011       02 09 10 15 29 44 48 22
June 17 2011       02 07 14 16 22 27 47 25
June 10 2011       08 11 12 25 28 30 33 16
June 3 2011        08 21 28 32 33 34 48 38
May 27 2011        05 09 19 20 21 28 30 36
May 20 2011        07 12 14 18 30 45 47 20
May 13 2011        07 08 14 32 38 42 44 30
May 6 2011         06 19 24 25 26 35 36 23
April 29 2011      01 13 20 24 39 45 47 25
April 22 2011      07 19 34 35 38 42 46 11
April 15 2011      03 12 14 15 25 32 49 37
April 8 2011       13 18 25 41 44 48 49 01
April 1 2011       05 06 11 12 24 26 34 49
March 25 2011      01 04 22 25 26 36 46 05
March 18 2011      02 05 10 21 25 35 49 40
March 11 2011      02 03 04 20 22 40 43 09
March 4 2011       03 18 27 29 32 33 35 47
February 25 2011   03 14 19 30 32 39 46 08
February 18 2011   03 07 12 16 20 42 48 31
February 11 2011   04 06 13 19 26 29 47 43
February 4 2011    01 03 13 18 19 39 48 40
January 28 2011    07 10 14 20 21 23 31 41
January 21 2011    02 18 19 29 42 47 49 17
January 14 2011    02 06 10 12 24 30 37 03
January 7 2011     02 10 13 15 23 28 49 40
December 31 2010   02 07 10 22 32 34 38 01
December 24 2010   08 23 25 26 33 41 43 21
December 17 2010   01 16 28 29 33 37 47 24
December 10 2010   07 09 12 20 28 38 44 10
December 3 2010    01 10 13 26 43 46 49 31
November 26 2010   12 21 23 27 28 29 37 09
November 19 2010   04 13 25 29 36 40 48 24
November 12 2010   13 15 17 18 19 47 49 38
November 5 2010    07 10 24 30 35 36 39 03
October 29 2010    02 06 21 26 28 33 47 11
October 22 2010    12 15 19 20 28 29 39 14
October 15 2010    03 14 17 25 30 33 39 07
October 8 2010     03 04 05 08 13 22 33 32
October 1 2010     10 12 13 25 28 29 41 39
September 24 2010  09 22 25 30 31 39 42 19
September 17 2010  02 05 06 43 46 47 48 39
September 10 2010  04 17 27 32 34 39 47 13
September 3 2010   12 17 27 28 31 36 48 37
August 27 2010     03 14 26 27 29 32 34 01
August 20 2010     04 05 07 08 18 30 35 39
August 13 2010     19 25 27 29 30 36 46 15
August 6 2010      01 05 06 32 36 38 44 29
July 30 2010       05 07 11 40 41 47 48 06
July 23 2010       17 19 26 29 34 35 38 47
July 16 2010       10 14 26 34 43 47 48 28
July 9 2010        09 10 19 24 28 30 31 46
July 2 2010        09 19 25 26 29 30 44 33
June 25 2010       05 22 28 31 39 46 48 04
June 18 2010       05 06 26 29 34 36 43 49
June 11 2010       02 07 12 25 29 32 35 26
June 4 2010        03 18 27 30 33 40 45 31
May 28 2010        11 18 23 24 27 28 39 01
May 21 2010        14 16 30 35 36 45 49 10
May 14 2010        07 17 19 23 31 36 41 01
May 7 2010         03 06 10 14 19 25 33 01
April 30 2010      01 03 04 05 16 32 33 41
April 23 2010      08 11 16 21 24 28 41 37
April 16 2010      06 07 17 20 32 44 49 46
April 9 2010       11 16 29 30 31 33 42 24
April 2 2010       04 09 12 15 28 29 43 17
March 26 2010      03 11 12 16 34 36 37 18
March 19 2010      01 03 06 34 37 42 45 27
March 12 2010      17 18 19 21 32 40 49 06
March 5 2010       05 08 18 22 32 39 45 19
February 26 2010   02 27 30 32 35 36 38 39
February 19 2010   04 23 27 32 35 43 47 24
February 12 2010   09 12 17 23 34 42 47 37
February 5 2010    10 19 25 29 39 41 42 21
January 29 2010    16 17 22 24 40 41 47 45
January 22 2010    17 26 30 32 34 39 41 49
January 15 2010    12 17 22 30 34 43 49 48
January 8 2010     08 17 21 23 24 28 39 31
January 1 2010     07 09 13 18 27 33 44 15
December 25 2009   08 09 12 13 29 30 31 47
December 18 2009   08 10 15 17 33 34 35 13
December 11 2009   01 04 05 07 22 29 48 13
December 4 2009    01 06 13 19 32 35 40 07
November 27 2009   11 15 24 26 37 38 43 17
November 20 2009   02 08 28 30 36 39 42 24
November 13 2009   08 18 27 28 38 41 48 36
November 6 2009    02 07 08 11 16 17 18 12
October 30 2009    06 09 10 14 17 18 19 46
October 23 2009    04 07 10 12 23 25 36 18
October 16 2009    04 10 18 20 31 35 44 29
October 9 2009     05 15 25 38 42 46 47 26
October 2 2009     08 27 28 29 31 32 35 11
September 25 2009  05 17 19 25 31 38 46 04
