6/12/1982  03 11 12 14 41 43 13
6/19/1982  08 33 36 37 39 41 09
6/26/1982  01 06 23 24 27 39 34
7/3/1982   03 09 10 13 20 43 34
7/10/1982  05 14 21 31 34 47 45
7/17/1982  08 20 21 25 31 41 33
7/24/1982  18 25 28 33 36 42 07
7/31/1982  07 16 17 31 40 48 26
8/7/1982   05 10 23 27 37 38 33
8/14/1982  04 15 30 37 46 48 03
8/21/1982  07 09 21 33 38 42 45
8/28/1982  11 17 19 20 36 43 09
9/4/1982   07 14 17 20 37 47 34
9/11/1982  25 28 29 30 35 44 03
9/18/1982  08 18 36 39 41 47 31
9/25/1982  09 12 13 14 44 48 18
10/2/1982  04 14 18 40 43 44 05
10/9/1982  13 16 18 34 35 36 26
10/16/1982 11 23 25 28 29 36 27
10/23/1982 07 18 23 25 37 45 39
10/30/1982 11 18 19 31 37 45 41
11/6/1982  08 14 16 18 31 48 45
11/13/1982 04 11 23 24 25 45 41
11/20/1982 03 04 19 33 34 48 39
11/27/1982 05 17 21 28 30 43 36
12/4/1982  06 17 24 36 38 46 29
12/11/1982 04 09 10 11 43 46 03
12/18/1982 07 13 23 32 33 45 36
12/25/1982 11 18 22 28 35 37 42
1/1/1983   25 26 31 35 45 48 12
1/8/1983   11 19 25 31 32 36 44
1/15/1983  08 34 37 39 41 47 18
1/22/1983  05 10 30 35 36 45 13
1/29/1983  08 22 26 27 34 42 14
2/5/1983   03 05 06 33 38 39 08
2/12/1983  10 14 25 31 44 47 17
2/19/1983  11 13 15 16 24 31 09
2/26/1983  11 12 19 25 29 44 48
3/5/1983   02 07 21 22 30 33 03
3/12/1983  11 15 25 38 41 43 37
3/19/1983  02 10 11 31 43 49 29
3/26/1983  21 24 25 32 39 49 40
4/2/1983   04 10 23 38 41 46 43
4/9/1983   20 24 28 35 42 46 27
4/16/1983  01 03 19 31 32 47 37
4/23/1983  03 17 20 30 35 48 26
4/30/1983  18 26 29 35 36 49 25
5/7/1983   02 13 41 42 44 47 12
5/14/1983  07 10 11 16 28 40 06
5/21/1983  06 07 10 32 36 38 46
5/28/1983  02 29 31 40 45 48 41
6/4/1983   04 14 24 31 33 35 29
6/11/1983  07 19 26 28 45 49 34
6/18/1983  09 19 28 36 45 46 03
6/25/1983  04 11 14 20 26 30 39
7/2/1983   05 09 27 39 40 43 17
7/9/1983   16 19 22 29 44 48 31
7/16/1983  11 14 18 31 35 49 42
7/23/1983  22 23 25 26 35 41 39
7/30/1983  03 06 07 33 34 36 15
8/6/1983   09 11 27 28 37 46 29
8/13/1983  01 02 08 23 46 48 20
8/20/1983  09 12 20 21 37 43 49
8/27/1983  09 16 18 20 26 43 38
9/3/1983   01 06 13 15 22 27 10
9/10/1983  23 30 32 33 35 44 02
9/17/1983  09 21 22 29 48 49 28
9/24/1983  01 06 15 34 42 44 49
10/1/1983  01 15 20 22 24 49 40
10/8/1983  13 23 37 43 48 49 27
10/15/1983 02 03 23 26 27 40 04
10/22/1983 08 14 25 32 34 35 16
10/29/1983 01 05 07 08 11 13 03
11/5/1983  18 20 23 26 33 49 31
11/12/1983 01 02 07 13 22 31 05
11/19/1983 04 14 16 30 33 38 22
11/26/1983 03 12 16 21 33 49 44
12/3/1983  03 05 19 26 32 43 30
12/10/1983 01 14 22 25 40 42 19
12/17/1983 07 09 20 28 35 41 16
12/24/1983 01 02 13 21 42 48 07
12/31/1983 07 22 25 27 30 35 45
1/7/1984   01 07 14 31 41 43 12
1/14/1984  02 12 29 31 44 46 40
1/21/1984  01 05 14 24 25 38 27
1/28/1984  15 24 27 32 34 49 25
2/4/1984   20 26 28 30 45 48 25
2/11/1984  22 29 36 44 46 47 24
2/18/1984  04 12 16 31 44 48 41
2/25/1984  23 27 40 43 44 47 33
3/3/1984   13 26 27 38 46 47 06
3/10/1984  02 17 41 42 44 47 29
3/17/1984  06 26 28 36 37 48 23
3/24/1984  08 27 28 29 43 44 15
3/31/1984  12 19 22 23 29 36 25
4/7/1984   13 27 35 38 44 47 21
4/14/1984  03 12 31 33 45 49 06
4/21/1984  08 13 16 18 19 49 11
4/28/1984  16 24 25 28 32 44 02
5/5/1984   01 05 06 18 31 35 03
5/12/1984  06 16 19 20 25 43 40
5/19/1984  01 04 14 17 21 26 31
5/26/1984  01 03 40 43 45 46 07
6/2/1984   09 16 31 38 43 45 05
6/9/1984   06 17 29 32 39 40 47
6/16/1984  26 27 37 41 43 45 13
6/23/1984  07 16 28 34 45 47 23
6/30/1984  13 15 27 28 40 48 30
7/7/1984   06 11 20 23 25 35 37
7/14/1984  06 16 26 28 41 49 34
7/21/1984  02 07 34 36 37 40 15
7/28/1984  02 05 29 35 37 38 39
8/4/1984   01 10 18 27 35 38 30
8/11/1984  05 06 10 20 40 43 26
8/18/1984  12 13 15 35 38 39 04
8/25/1984  05 11 12 16 24 28 34
9/1/1984   03 24 27 33 41 44 04
9/8/1984   23 25 29 38 39 43 17
9/15/1984  07 08 10 15 31 37 43
9/22/1984  04 11 12 16 36 43 30
9/29/1984  21 22 29 36 38 41 20
10/6/1984  05 10 26 31 37 44 07
10/13/1984 03 14 24 31 35 46 17
10/20/1984 05 10 11 28 41 44 19
10/27/1984 01 16 25 36 39 42 05
11/3/1984  06 07 17 21 43 49 08
11/10/1984 20 22 27 34 44 48 41
11/17/1984 08 35 44 46 48 49 22
11/24/1984 05 30 34 36 43 49 17
12/1/1984  03 14 18 25 36 45 30
12/8/1984  07 13 24 31 39 40 08
12/15/1984 09 12 16 20 36 39 04
12/22/1984 06 18 21 31 35 48 09
12/29/1984 16 19 27 30 44 45 11
1/5/1985   07 17 18 24 29 48 34
1/12/1985  09 34 38 39 43 44 01
1/19/1985  07 24 35 37 45 47 23
1/26/1985  06 30 33 39 41 49 47
2/2/1985   05 18 22 23 25 26 02
2/9/1985   02 05 21 24 29 46 25
2/16/1985  03 07 15 24 38 41 29
2/23/1985  01 02 07 09 20 43 33
3/2/1985   17 19 27 30 36 43 01
3/9/1985   06 07 08 35 36 43 33
3/16/1985  03 06 18 21 33 34 49
3/23/1985  14 23 31 33 35 47 18
3/30/1985  08 16 20 30 31 48 12
4/6/1985   08 21 27 34 41 46 31
4/13/1985  07 20 24 46 48 49 41
4/20/1985  04 08 14 21 30 49 13
4/27/1985  04 14 27 37 40 44 46
5/4/1985   01 02 05 07 40 44 35
5/11/1985  06 15 20 22 26 46 21
5/18/1985  19 21 32 39 43 45 20
5/25/1985  09 12 24 30 31 47 39
6/1/1985   13 16 19 24 33 48 17
6/8/1985   09 11 19 27 30 46 12
6/15/1985  04 21 23 27 45 47 14
6/22/1985  01 07 15 20 31 45 22
6/29/1985  02 10 39 46 47 48 35
7/6/1985   05 24 26 36 41 45 35
7/13/1985  04 05 10 22 30 35 18
7/20/1985  07 09 11 16 43 46 34
7/27/1985  03 08 21 24 30 42 19
8/3/1985   02 08 09 18 31 42 32
8/10/1985  07 11 14 18 34 45 44
8/17/1985  04 21 32 38 43 45 41
8/24/1985  06 19 22 27 36 40 03
8/31/1985  03 09 13 15 27 30 42
9/7/1985   30 32 35 40 43 44 23
9/11/1985  04 09 14 15 44 45 32
9/14/1985  11 23 43 46 47 49 01
9/18/1985  08 12 19 33 41 45 24
9/21/1985  03 11 16 20 21 24 44
9/25/1985  05 09 12 33 45 47 32
9/28/1985  07 09 21 28 29 35 10
10/2/1985  01 26 33 34 38 46 31
10/5/1985  04 06 22 27 31 33 45
10/9/1985  07 08 11 19 25 39 03
10/12/1985 03 06 13 18 31 40 10
10/16/1985 01 03 08 18 35 47 30
10/19/1985 22 27 30 39 41 44 38
10/23/1985 01 06 11 27 33 41 09
10/26/1985 16 26 32 35 43 46 40
10/30/1985 19 24 32 36 38 41 47
11/2/1985  11 19 25 26 36 45 06
11/6/1985  16 20 26 34 38 47 27
11/9/1985  09 11 13 29 36 45 12
11/13/1985 05 09 23 28 40 46 49
11/16/1985 04 13 18 23 24 40 45
11/20/1985 31 32 36 38 39 44 20
11/23/1985 02 07 12 27 29 44 21
11/27/1985 19 24 26 34 41 43 27
11/30/1985 04 17 19 25 32 39 02
12/4/1985  04 05 20 29 31 47 01
12/7/1985  04 26 29 34 39 40 18
12/11/1985 09 19 20 32 33 37 39
12/14/1985 09 10 17 21 38 48 30
12/18/1985 01 07 19 36 42 49 45
12/21/1985 06 09 14 26 36 46 42
12/25/1985 01 07 11 14 19 38 32
12/28/1985 17 21 22 25 39 47 44
1/1/1986   03 06 18 31 38 49 42
1/4/1986   06 20 23 29 32 37 18
1/8/1986   09 10 12 18 32 48 31
1/11/1986  04 12 21 40 42 45 02
1/15/1986  01 10 13 19 25 33 45
1/18/1986  11 17 23 26 30 34 04
1/22/1986  02 19 26 27 44 47 08
1/25/1986  24 26 29 40 44 46 16
1/29/1986  03 09 11 37 45 46 06
2/1/1986   04 05 09 19 29 31 45
2/5/1986   06 26 29 31 32 41 36
2/8/1986   02 05 07 36 38 42 32
2/12/1986  01 12 15 19 22 30 36
2/15/1986  20 22 30 43 46 48 44
2/19/1986  05 17 23 35 45 48 39
2/22/1986  09 16 19 25 34 36 23
2/26/1986  11 15 26 33 40 49 38
3/1/1986   07 12 13 14 35 43 20
3/5/1986   01 07 17 28 41 45 39
3/8/1986   07 24 28 31 37 43 41
3/12/1986  09 10 20 22 41 42 23
3/15/1986  08 09 34 41 44 47 21
3/19/1986  19 25 34 40 42 46 18
3/22/1986  05 08 17 20 21 42 44
3/26/1986  02 04 25 28 38 46 09
3/29/1986  15 22 28 29 42 46 36
4/2/1986   05 10 17 21 31 36 40
4/5/1986   18 29 32 34 35 46 02
4/9/1986   05 19 22 30 39 45 48
4/12/1986  17 18 23 32 36 39 10
4/16/1986  09 28 29 32 41 49 33
4/19/1986  07 17 26 28 42 48 43
4/23/1986  04 05 07 25 38 42 43
4/26/1986  08 10 24 27 35 43 22
4/30/1986  02 09 13 18 20 29 42
5/3/1986   12 18 30 38 39 47 06
5/7/1986   09 16 22 40 42 47 15
5/10/1986  04 10 17 26 39 47 19
5/14/1986  08 16 19 26 33 45 10
5/17/1986  01 25 34 41 44 49 37
5/21/1986  20 25 36 39 43 45 26
5/24/1986  02 21 26 28 41 49 05
5/28/1986  03 18 21 31 34 37 48
5/31/1986  08 16 17 37 40 41 19
6/4/1986   03 04 05 14 17 31 37
6/7/1986   03 16 21 41 45 46 49
6/11/1986  05 14 24 27 36 43 26
6/14/1986  03 21 29 37 40 47 30
6/18/1986  02 14 18 28 32 43 31
6/21/1986  01 08 10 34 42 45 14
6/25/1986  01 05 15 33 35 47 24
6/28/1986  01 04 20 33 34 37 38
7/2/1986   05 16 18 31 46 49 42
7/5/1986   07 10 12 32 44 48 21
7/9/1986   16 24 25 36 44 45 18
7/12/1986  07 17 20 30 33 43 39
7/16/1986  07 17 29 31 38 47 27
7/19/1986  07 25 28 32 37 43 16
7/23/1986  03 13 17 24 32 35 47
7/26/1986  03 14 29 34 46 49 48
7/30/1986  03 26 39 44 48 49 13
8/2/1986   08 14 21 24 38 47 23
8/6/1986   01 05 07 10 23 40 47
8/9/1986   05 08 14 21 33 34 10
8/13/1986  04 05 34 35 40 43 15
8/16/1986  14 25 35 40 41 43 12
8/20/1986  06 07 09 21 38 43 45
8/23/1986  01 04 19 31 45 47 36
8/27/1986  07 11 18 33 38 40 32
8/30/1986  04 11 25 32 45 46 10
9/3/1986   20 27 41 44 47 49 34
9/6/1986   08 09 19 35 39 48 20
9/10/1986  03 13 18 22 42 43 46
9/13/1986  10 14 16 43 44 49 29
9/17/1986  09 21 30 32 39 41 27
9/20/1986  08 09 11 15 19 25 10
9/24/1986  02 12 38 40 42 48 45
9/27/1986  04 05 11 19 34 38 27
10/1/1986  02 17 24 30 34 39 18
10/4/1986  08 14 16 24 26 38 21
10/8/1986  03 17 20 22 24 49 25
10/11/1986 07 12 26 33 37 48 21
10/15/1986 10 21 24 25 39 49 23
10/18/1986 08 29 32 39 43 45 49
10/22/1986 03 16 34 36 45 48 13
10/25/1986 01 03 16 41 42 46 31
10/29/1986 13 17 21 22 24 46 27
11/1/1986  19 22 24 36 38 41 33
11/5/1986  23 25 26 27 38 46 04
11/8/1986  02 03 06 11 31 42 01
11/12/1986 01 17 26 33 36 43 30
11/15/1986 04 23 24 34 39 47 45
11/19/1986 02 07 08 22 34 47 03
11/22/1986 05 13 18 32 34 39 21
11/26/1986 14 20 22 26 35 44 40
11/29/1986 02 04 06 21 27 42 17
12/3/1986  04 15 25 31 33 47 26
12/6/1986  06 08 24 37 45 48 11
12/10/1986 14 23 25 30 33 35 17
12/13/1986 03 06 07 14 27 43 33
12/17/1986 16 21 25 35 37 40 44
12/20/1986 07 14 16 34 46 48 49
12/24/1986 01 10 19 24 37 41 48
12/27/1986 03 15 16 20 26 34 32
12/31/1986 08 11 16 20 27 44 36
1/3/1987   03 11 16 23 47 49 25
1/7/1987   01 03 29 35 37 47 45
1/10/1987  07 09 17 18 26 35 46
1/14/1987  04 21 23 33 34 36 31
1/17/1987  07 15 16 18 31 44 46
1/21/1987  02 11 19 34 42 44 49
1/24/1987  12 16 20 27 41 42 37
1/28/1987  15 18 27 44 46 47 33
1/31/1987  06 12 15 24 36 49 48
2/4/1987   02 15 21 42 47 49 41
2/7/1987   14 15 16 31 32 39 05
2/11/1987  11 12 29 33 43 46 22
2/14/1987  12 15 16 25 29 37 13
2/18/1987  02 10 20 26 35 48 16
2/21/1987  09 16 21 27 40 44 11
2/25/1987  02 05 24 25 36 46 23
2/28/1987  02 11 16 23 29 45 37
3/4/1987   06 17 24 26 31 32 37
3/7/1987   11 16 22 25 34 37 05
3/11/1987  01 21 24 27 30 37 39
3/14/1987  02 04 12 30 35 46 34
3/18/1987  02 18 22 30 31 33 12
3/21/1987  01 15 22 38 42 45 18
3/25/1987  03 05 06 11 20 44 48
3/28/1987  13 16 40 41 47 48 05
4/1/1987   04 28 38 39 43 45 44
4/4/1987   02 08 29 32 40 47 05
4/8/1987   14 16 18 29 31 35 33
4/11/1987  18 25 27 28 40 46 11
4/15/1987  15 26 29 34 46 47 37
4/18/1987  09 10 11 21 28 37 33
4/22/1987  27 31 33 34 39 46 44
4/25/1987  01 27 29 34 42 48 33
4/29/1987  05 07 10 20 37 38 27
5/2/1987   09 11 15 21 32 42 35
5/6/1987   05 16 19 25 46 48 38
5/9/1987   03 09 32 38 40 47 49
5/13/1987  01 05 21 36 44 45 22
5/16/1987  01 09 16 17 38 42 30
5/20/1987  06 08 10 18 22 45 01
5/23/1987  01 27 34 40 41 44 35
5/27/1987  16 18 21 23 34 38 32
5/30/1987  03 12 18 22 31 36 37
6/3/1987   04 07 11 35 40 41 10
6/6/1987   04 10 19 32 39 41 36
6/10/1987  06 08 15 17 20 23 45
6/13/1987  08 16 29 32 40 46 28
6/17/1987  10 17 24 34 37 41 33
6/20/1987  05 20 22 25 36 48 09
6/24/1987  03 15 40 41 43 47 38
6/27/1987  01 15 31 32 37 42 38
7/1/1987   03 12 15 18 21 33 05
7/4/1987   04 19 26 32 44 46 36
7/8/1987   05 13 14 18 37 40 16
7/11/1987  10 24 28 33 38 46 43
7/15/1987  04 17 29 38 39 45 31
7/18/1987  03 08 40 46 47 48 43
7/22/1987  01 08 26 32 43 49 35
7/25/1987  02 11 22 23 32 40 47
7/29/1987  10 26 31 36 39 46 02
8/1/1987   01 04 20 28 44 47 21
8/5/1987   17 29 32 41 42 43 37
8/8/1987   14 18 26 39 41 49 38
8/12/1987  01 04 13 16 30 31 36
8/15/1987  10 14 21 31 34 49 44
8/19/1987  04 17 19 30 41 44 38
8/22/1987  19 23 27 28 35 49 12
8/26/1987  03 08 28 32 36 48 29
8/29/1987  01 15 16 26 29 37 09
9/2/1987   11 13 17 20 45 49 22
9/5/1987   08 11 15 31 32 33 35
9/9/1987   15 23 35 38 46 47 13
9/12/1987  04 22 23 28 29 36 38
9/16/1987  03 04 06 15 35 40 45
9/19/1987  03 07 21 24 29 48 28
9/23/1987  04 08 10 16 22 41 07
9/26/1987  21 22 28 36 41 49 23
9/30/1987  04 09 10 11 28 30 32
10/3/1987  14 18 23 25 28 30 36
10/7/1987  03 04 06 13 14 48 40
10/10/1987 08 09 17 28 33 36 10
10/14/1987 16 20 25 32 33 42 31
10/17/1987 04 14 15 23 40 49 02
10/21/1987 01 03 05 14 27 44 10
10/24/1987 03 24 25 38 39 44 36
10/28/1987 07 18 27 30 39 40 32
10/31/1987 09 16 17 24 35 41 10
11/4/1987  03 04 07 08 16 34 26
11/7/1987  06 16 26 30 32 43 19
11/11/1987 10 17 18 37 39 43 02
11/14/1987 01 13 19 32 33 38 47
11/18/1987 18 36 40 43 45 49 33
11/21/1987 01 07 11 12 29 39 16
11/25/1987 13 26 33 45 46 49 10
11/28/1987 04 08 09 24 43 47 17
12/2/1987  15 22 30 35 37 49 26
12/5/1987  01 05 25 30 31 48 23
12/9/1987  20 29 33 39 41 48 07
12/12/1987 02 09 11 31 37 40 41
12/16/1987 12 25 37 41 42 48 01
12/19/1987 12 13 18 22 32 33 19
12/23/1987 16 29 30 39 43 44 31
12/26/1987 01 17 26 37 39 49 46
12/30/1987 01 13 17 18 45 48 49
1/2/1988   17 20 31 38 39 49 34
1/6/1988   08 13 22 23 26 47 42
1/9/1988   16 17 23 28 32 45 34
1/13/1988  07 19 29 38 43 45 37
1/16/1988  08 27 29 36 37 39 47
1/20/1988  03 08 12 23 30 43 31
1/23/1988  03 12 19 35 47 49 22
1/27/1988  02 04 23 36 44 49 22
1/30/1988  05 18 21 25 44 47 10
2/3/1988   05 29 30 33 41 49 01
2/6/1988   04 07 08 12 42 43 49
2/10/1988  08 18 33 37 40 42 44
2/13/1988  10 11 12 24 25 36 09
2/17/1988  05 14 23 27 36 37 28
2/20/1988  10 18 27 28 42 48 17
2/24/1988  07 10 15 20 27 29 30
2/27/1988  03 04 16 18 25 43 47
3/2/1988   08 10 26 34 42 44 33
3/5/1988   11 13 14 24 40 48 45
3/9/1988   04 10 18 19 37 40 41
3/12/1988  01 26 36 42 44 46 20
3/16/1988  01 16 19 35 39 40 11
3/19/1988  10 28 31 34 39 47 49
3/23/1988  03 08 29 31 43 48 11
3/26/1988  27 30 31 33 38 42 28
3/30/1988  09 12 19 35 36 44 48
4/2/1988   06 10 21 30 36 49 40
4/6/1988   10 19 24 31 39 47 32
4/9/1988   06 12 18 24 32 35 22
4/13/1988  09 17 19 28 40 46 15
4/16/1988  18 21 30 39 40 49 15
4/20/1988  01 02 07 11 34 43 05
4/23/1988  05 14 18 24 42 49 06
4/27/1988  17 33 38 39 46 49 01
4/30/1988  01 12 20 23 31 49 11
5/4/1988   02 05 09 23 38 43 03
5/7/1988   01 14 27 37 39 42 30
5/11/1988  12 14 17 21 23 29 03
5/14/1988  02 06 20 34 39 44 37
5/18/1988  04 05 06 13 24 31 44
5/21/1988  03 07 15 19 31 34 43
5/25/1988  02 13 28 40 41 43 36
5/28/1988  02 05 28 31 42 45 09
6/1/1988   02 20 24 34 43 49 41
6/4/1988   15 19 28 32 35 42 45
6/8/1988   02 06 22 27 34 37 12
6/11/1988  03 08 16 22 27 44 23
6/15/1988  05 09 15 21 27 47 04
6/18/1988  03 05 14 30 35 40 32
6/22/1988  02 18 24 25 27 30 46
6/25/1988  08 22 28 31 32 38 39
6/29/1988  06 10 26 39 41 47 08
7/2/1988   26 32 33 35 38 44 12
7/6/1988   06 13 19 22 25 27 16
7/9/1988   08 10 25 31 43 47 41
7/13/1988  08 09 15 22 25 31 07
7/16/1988  01 08 13 28 31 44 39
7/20/1988  09 13 19 23 34 40 01
7/23/1988  12 14 20 33 38 43 18
7/27/1988  01 04 31 33 36 39 32
7/30/1988  02 07 10 14 23 42 17
8/3/1988   01 03 20 22 30 44 33
8/6/1988   05 28 29 32 43 45 20
8/10/1988  07 15 17 29 40 47 36
8/13/1988  11 24 35 45 46 48 40
8/17/1988  05 32 34 40 45 47 15
8/20/1988  06 19 33 35 43 44 34
8/24/1988  05 08 16 32 34 43 06
8/27/1988  17 20 23 27 36 47 37
8/31/1988  06 31 34 37 39 48 15
9/3/1988   06 20 22 27 32 41 37
9/7/1988   02 05 13 23 35 45 48
9/10/1988  04 16 17 18 22 44 41
9/14/1988  10 27 30 33 36 48 09
9/17/1988  02 04 15 24 28 41 34
9/21/1988  08 09 10 18 30 39 22
9/24/1988  03 07 18 21 41 44 32
9/28/1988  02 04 06 11 42 44 26
10/1/1988  06 20 35 42 47 49 38
10/5/1988  03 12 14 29 31 33 23
10/8/1988  07 23 27 29 44 49 18
10/12/1988 01 07 09 21 46 47 36
10/15/1988 02 13 27 29 35 38 44
10/19/1988 08 12 16 20 21 44 49
10/22/1988 02 03 08 24 32 48 28
10/26/1988 13 16 17 19 35 45 03
10/29/1988 01 24 32 36 48 49 47
11/2/1988  03 07 23 28 31 49 09
11/5/1988  16 31 40 42 45 49 21
11/9/1988  04 06 15 32 34 35 08
11/12/1988 13 15 24 28 41 46 21
11/16/1988 01 18 19 31 45 49 41
11/19/1988 04 05 24 25 36 39 47
11/23/1988 22 33 38 39 44 49 43
11/26/1988 02 18 23 35 37 42 01
11/30/1988 04 20 33 47 48 49 45
12/3/1988  01 14 15 30 37 49 19
12/7/1988  04 17 22 28 30 47 46
12/10/1988 08 16 22 31 32 39 43
12/14/1988 06 23 24 26 33 36 41
12/17/1988 04 15 19 20 36 48 16
12/21/1988 03 10 20 30 44 49 43
12/24/1988 23 31 34 45 47 48 07
12/28/1988 01 08 17 20 32 44 16
12/31/1988 03 25 28 29 35 47 16
1/4/1989   01 13 14 45 46 48 27
1/7/1989   04 14 28 32 33 44 12
1/11/1989  11 17 20 31 33 35 22
1/14/1989  14 21 34 40 44 47 15
1/18/1989  06 09 14 16 19 28 26
1/21/1989  10 25 29 31 39 49 43
1/25/1989  07 09 11 24 31 49 01
1/28/1989  03 07 19 23 26 35 39
2/1/1989   01 04 11 16 23 33 41
2/4/1989   06 19 22 28 32 38 34
2/8/1989   08 10 11 27 31 43 26
2/11/1989  06 09 11 17 20 27 43
2/15/1989  01 30 36 37 38 40 02
2/18/1989  02 18 31 33 35 37 41
2/22/1989  02 06 14 28 44 47 15
2/25/1989  04 11 27 31 36 49 21
3/1/1989   11 18 23 33 47 49 46
3/4/1989   08 15 22 36 41 42 09
3/8/1989   13 21 30 37 43 46 40
3/11/1989  01 08 14 19 27 31 30
3/15/1989  07 10 15 18 19 23 36
3/18/1989  06 17 30 34 41 48 47
3/22/1989  06 08 15 32 44 49 03
3/25/1989  09 17 18 32 34 42 33
3/29/1989  01 09 25 34 35 42 48
4/1/1989   02 10 37 40 42 44 30
4/5/1989   18 25 29 32 34 44 03
4/8/1989   05 13 19 27 41 45 29
4/12/1989  10 28 30 37 40 44 21
4/15/1989  05 07 26 28 32 37 12
4/19/1989  06 08 10 37 42 46 41
4/22/1989  03 17 18 28 34 49 12
4/26/1989  04 16 19 23 34 41 11
4/29/1989  02 20 23 25 27 46 18
5/3/1989   07 09 13 26 28 34 14
5/6/1989   04 09 23 25 30 35 46
5/10/1989  18 19 22 36 41 42 13
5/13/1989  10 18 24 32 44 47 38
5/17/1989  12 22 25 32 38 40 31
5/20/1989  06 14 17 19 28 30 29
5/24/1989  04 13 16 32 35 40 25
5/27/1989  01 18 20 26 31 39 35
5/31/1989  01 12 34 42 44 45 49
6/3/1989   02 10 16 27 38 47 29
6/7/1989   14 26 29 33 35 37 08
6/10/1989  10 12 17 33 36 40 02
6/14/1989  06 13 24 30 32 33 35
6/17/1989  18 23 24 25 31 32 03
6/21/1989  01 05 21 29 37 42 19
6/24/1989  06 10 18 26 27 41 04
6/28/1989  02 04 13 16 17 40 41
7/1/1989   03 05 15 16 17 31 02
7/5/1989   01 02 07 14 41 49 21
7/8/1989   10 13 18 28 31 42 35
7/12/1989  01 08 15 25 31 41 47
7/15/1989  12 13 19 20 39 42 47
7/19/1989  14 20 25 33 35 48 27
7/22/1989  09 15 21 34 45 46 05
7/26/1989  01 05 06 09 22 44 46
7/29/1989  08 12 34 38 43 46 36
8/2/1989   05 13 19 26 37 38 42
8/5/1989   03 14 21 28 30 45 48
8/9/1989   13 22 24 34 37 44 47
8/12/1989  03 04 13 21 22 46 07
8/16/1989  09 12 13 32 34 35 47
8/17/1989  06 07 18 27 32 39 34
8/23/1989  05 09 15 17 29 35 07
8/26/1989  04 12 14 32 44 45 33
8/30/1989  11 20 25 30 34 38 48
9/2/1989   01 14 27 42 46 49 08
9/6/1989   13 15 18 37 42 49 33
9/9/1989   18 22 39 40 43 47 48
9/13/1989  03 07 15 17 41 43 33
9/16/1989  04 06 11 17 27 44 41
9/20/1989  01 13 21 31 36 48 26
9/23/1989  03 06 07 19 27 32 20
9/27/1989  01 16 20 21 25 33 45
9/30/1989  05 20 26 39 45 46 43
10/4/1989  07 09 10 40 44 48 29
10/7/1989  02 07 12 15 18 48 42
10/11/1989 01 04 26 27 35 45 29
10/14/1989 01 17 20 37 42 44 38
10/18/1989 01 24 28 40 46 49 39
10/21/1989 20 26 29 33 40 45 38
10/25/1989 04 21 24 32 34 47 25
10/28/1989 01 14 28 36 47 49 43
11/1/1989  14 16 20 22 34 42 39
11/4/1989  04 17 26 33 43 49 25
11/8/1989  09 17 28 36 44 46 02
11/11/1989 09 16 18 25 37 47 35
11/15/1989 02 20 27 29 41 43 16
11/18/1989 17 20 34 39 41 49 24
11/22/1989 06 07 18 21 24 32 31
11/25/1989 05 07 19 24 37 41 39
11/29/1989 02 14 37 42 44 48 46
12/2/1989  05 08 25 42 43 45 26
12/6/1989  20 24 32 36 41 43 30
12/9/1989  10 16 31 42 47 49 48
12/13/1989 02 09 22 25 47 49 38
12/16/1989 01 07 15 18 27 40 13
12/20/1989 04 11 17 20 25 49 40
12/23/1989 03 05 10 36 42 45 28
12/27/1989 07 26 28 34 38 47 18
12/30/1989 11 12 26 27 29 34 18
1/3/1990   02 14 40 41 43 46 16
1/6/1990   05 06 21 22 31 33 46
1/10/1990  02 05 33 35 47 49 44
1/13/1990  12 18 22 33 35 44 02
1/17/1990  03 22 27 46 48 49 19
1/20/1990  15 24 36 41 42 46 08
1/24/1990  19 21 24 29 46 48 27
1/27/1990  01 05 06 10 33 49 36
1/31/1990  01 10 11 15 22 29 42
2/3/1990   07 08 11 16 41 47 44
2/7/1990   11 12 28 30 39 48 16
2/10/1990  15 21 24 27 42 47 36
2/14/1990  11 14 25 28 44 47 30
2/17/1990  17 18 21 22 23 45 07
2/21/1990  13 16 21 26 35 46 18
2/24/1990  01 23 26 37 43 49 02
2/28/1990  10 16 32 35 36 42 15
3/3/1990   03 13 28 31 40 44 41
3/7/1990   01 03 14 33 37 49 16
3/10/1990  04 09 22 27 42 45 34
3/14/1990  02 11 30 34 38 44 49
3/17/1990  11 17 28 35 38 40 46
3/21/1990  07 17 34 38 45 46 30
3/24/1990  05 31 33 34 36 38 25
3/28/1990  02 19 20 26 32 37 45
3/31/1990  06 23 25 31 39 41 12
4/4/1990   07 10 31 37 46 49 24
4/7/1990   13 25 38 40 42 47 11
4/11/1990  06 13 31 35 38 40 15
4/14/1990  11 24 39 41 43 45 20
4/18/1990  09 22 24 27 36 46 07
4/21/1990  01 04 08 27 34 40 42
4/25/1990  27 29 30 33 44 45 25
4/28/1990  12 20 22 28 36 43 32
5/2/1990   02 05 11 27 31 43 30
5/5/1990   02 03 07 22 38 48 21
5/9/1990   07 15 16 26 29 47 42
5/12/1990  05 19 21 34 43 49 32
5/16/1990  03 22 23 31 33 47 28
5/19/1990  05 07 20 26 31 36 14
5/23/1990  03 04 13 25 29 41 33
5/26/1990  04 08 09 39 40 46 11
5/30/1990  07 11 17 28 38 42 32
6/2/1990   01 03 30 36 42 43 23
6/6/1990   02 09 16 22 34 40 14
6/9/1990   08 13 25 30 38 39 24
6/13/1990  07 10 37 45 46 47 13
6/16/1990  12 24 35 42 45 47 21
6/20/1990  13 14 19 20 29 47 33
6/23/1990  22 27 32 37 42 47 31
6/27/1990  05 07 12 17 26 47 10
6/30/1990  09 17 21 28 29 30 01
7/4/1990   02 08 11 25 45 47 24
7/7/1990   11 14 15 25 38 42 45
7/11/1990  13 15 16 24 38 40 27
7/14/1990  05 17 27 31 33 48 38
7/18/1990  10 12 18 39 43 49 40
7/21/1990  09 27 28 36 37 46 12
7/25/1990  02 16 28 39 41 46 25
7/28/1990  10 16 26 34 37 43 05
8/1/1990   02 08 13 23 27 44 21
8/4/1990   13 22 26 40 46 49 04
8/8/1990   11 23 29 30 44 49 41
8/11/1990  01 06 21 27 43 49 46
8/15/1990  17 19 20 31 40 44 21
8/18/1990  13 19 41 44 46 48 12
8/22/1990  02 07 12 17 19 23 39
8/25/1990  14 20 25 43 44 46 33
8/29/1990  01 10 16 25 43 48 37
9/1/1990   04 10 17 20 24 39 49
9/5/1990   07 12 37 38 40 46 18
9/8/1990   17 18 21 37 38 39 36
9/12/1990  14 23 29 35 39 47 44
9/15/1990  09 22 30 39 42 45 41
9/19/1990  07 08 10 20 31 49 27
9/22/1990  08 09 17 22 43 45 16
9/26/1990  04 05 07 18 33 42 39
9/29/1990  06 09 12 33 34 48 03
10/3/1990  17 20 36 40 43 47 26
10/6/1990  17 18 32 34 39 46 08
10/10/1990 10 14 34 37 40 49 42
10/13/1990 01 06 08 30 32 44 17
10/17/1990 09 13 14 33 39 40 08
10/20/1990 06 14 15 19 26 28 49
10/24/1990 01 09 14 20 43 48 44
10/27/1990 03 16 18 24 31 44 22
10/31/1990 03 10 14 16 17 39 11
11/3/1990  01 11 16 27 32 49 37
11/7/1990  19 30 32 39 42 49 28
11/10/1990 05 10 19 29 35 42 07
11/14/1990 21 26 29 31 46 47 14
11/17/1990 04 16 24 28 35 46 05
11/21/1990 06 10 20 30 31 39 02
11/24/1990 03 05 13 14 31 40 23
11/28/1990 12 21 28 34 38 39 25
12/1/1990  03 05 14 26 34 41 12
12/5/1990  10 17 22 26 34 45 38
12/8/1990  01 19 21 23 24 46 07
12/12/1990 05 09 23 27 28 39 42
12/15/1990 21 26 29 33 35 43 25
12/19/1990 20 27 34 39 42 47 14
12/22/1990 02 03 13 26 36 38 40
12/26/1990 16 19 25 32 38 47 30
12/29/1990 07 25 28 37 44 48 11
1/2/1991   02 14 19 20 26 49 08
1/5/1991   07 09 21 25 26 46 13
1/9/1991   02 05 09 17 22 38 12
1/12/1991  11 22 24 37 39 49 27
1/16/1991  17 33 34 37 41 47 12
1/19/1991  05 07 10 15 24 29 43
1/23/1991  18 23 29 38 41 44 36
1/26/1991  08 28 30 31 32 35 26
1/30/1991  01 13 17 23 30 40 14
2/2/1991   05 10 16 20 29 42 06
2/6/1991   12 15 17 28 38 43 33
2/9/1991   09 11 21 28 29 37 38
2/13/1991  03 05 23 24 34 47 31
2/16/1991  06 07 23 30 38 45 13
2/20/1991  04 16 18 28 31 38 46
2/23/1991  10 11 17 29 38 47 28
2/27/1991  04 06 18 33 42 44 20
3/2/1991   06 07 12 37 45 48 28
3/6/1991   16 17 23 28 43 49 29
3/9/1991   08 13 22 34 43 45 16
3/13/1991  04 05 15 18 25 41 11
3/16/1991  21 22 29 31 42 47 36
3/20/1991  02 05 06 08 32 46 49
3/23/1991  13 17 22 28 31 41 48
3/27/1991  07 14 17 22 30 47 21
3/30/1991  01 08 18 19 29 33 41
4/3/1991   03 04 09 29 38 47 31
4/6/1991   04 10 19 24 41 45 27
4/10/1991  01 03 07 23 28 42 26
4/13/1991  16 24 26 27 39 45 08
4/17/1991  10 15 22 25 27 40 30
4/20/1991  06 19 25 39 44 47 01
4/24/1991  09 18 22 26 32 36 19
4/27/1991  14 19 20 27 40 45 11
5/1/1991   10 21 35 36 42 44 40
5/4/1991   08 12 25 30 43 49 45
5/8/1991   16 25 30 38 46 48 09
5/11/1991  06 30 31 32 35 47 14
5/15/1991  05 10 27 29 35 45 36
5/18/1991  16 18 20 26 37 38 03
5/22/1991  16 26 30 33 43 49 17
5/25/1991  02 23 28 32 33 47 44
5/29/1991  08 18 20 26 29 37 17
6/1/1991   07 08 13 25 38 44 40
6/5/1991   11 18 26 33 47 49 34
6/8/1991   11 13 26 28 36 41 34
6/12/1991  14 20 32 35 40 41 38
6/15/1991  03 09 17 24 39 43 02
6/19/1991  04 08 30 39 40 45 46
6/22/1991  20 24 35 36 40 45 43
6/26/1991  08 10 17 26 37 41 30
6/29/1991  03 05 10 12 13 40 43
7/3/1991   06 11 15 25 40 46 12
7/6/1991   06 10 32 37 40 48 26
7/10/1991  07 10 23 26 27 32 41
7/13/1991  03 09 24 26 33 47 04
7/17/1991  02 08 09 20 23 43 04
7/20/1991  10 11 22 28 30 33 41
7/24/1991  07 15 19 32 33 34 20
7/27/1991  09 30 31 33 37 43 27
7/31/1991  07 12 14 16 35 39 21
8/3/1991   04 23 25 36 38 43 34
8/7/1991   02 07 11 15 42 49 19
8/10/1991  06 07 19 27 37 45 09
8/14/1991  23 25 28 30 32 49 18
8/17/1991  13 15 18 21 38 44 39
8/21/1991  09 15 17 31 33 34 10
8/24/1991  04 08 09 41 45 47 19
8/28/1991  23 27 33 46 47 49 35
8/31/1991  01 03 06 22 25 39 48
9/4/1991   01 05 06 15 20 22 13
9/7/1991   01 05 18 34 35 37 27
9/11/1991  02 09 19 24 32 41 08
9/14/1991  05 12 21 32 46 47 14
9/18/1991  04 05 27 38 43 45 12
9/21/1991  01 02 07 09 21 42 27
9/25/1991  10 17 23 29 30 43 19
9/28/1991  01 03 24 27 43 45 15
10/2/1991  31 36 40 43 48 49 33
10/5/1991  01 18 36 40 44 47 09
10/9/1991  05 08 17 32 43 44 39
10/12/1991 17 34 39 41 43 47 21
10/16/1991 04 08 10 13 29 43 12
10/19/1991 12 25 36 37 40 42 19
10/23/1991 13 21 27 46 47 48 15
10/26/1991 07 24 32 33 34 35 17
10/30/1991 02 03 18 30 34 40 13
11/2/1991  06 15 35 42 47 48 09
11/6/1991  05 17 25 26 41 42 30
11/9/1991  07 13 17 19 23 39 18
11/13/1991 07 09 17 21 39 49 23
11/16/1991 04 06 20 26 31 33 11
11/20/1991 07 11 13 36 43 44 23
11/23/1991 15 38 43 45 48 49 04
11/27/1991 01 03 04 23 36 38 15
11/30/1991 14 15 24 36 45 46 27
12/4/1991  06 12 23 30 34 43 07
12/7/1991  05 06 33 41 44 49 09
12/11/1991 19 21 32 35 38 47 29
12/14/1991 17 18 20 29 31 43 02
12/18/1991 17 19 28 35 36 42 39
12/21/1991 19 21 22 23 37 45 01
12/25/1991 02 11 25 34 46 49 47
12/28/1991 22 32 35 39 44 46 48
1/1/1992   04 07 16 21 47 48 05
1/4/1992   11 14 38 43 44 46 19
1/8/1992   07 16 20 28 32 41 24
1/11/1992  07 08 23 26 46 48 47
1/15/1992  01 11 20 23 28 32 04
1/18/1992  08 17 25 26 45 46 42
1/22/1992  12 30 40 46 47 49 22
1/25/1992  06 12 18 19 31 47 49
1/29/1992  01 03 07 08 35 44 16
2/1/1992   26 30 32 34 40 47 28
2/5/1992   02 08 12 15 39 49 48
2/8/1992   05 16 17 18 31 38 19
2/12/1992  03 16 18 21 25 48 30
2/15/1992  09 15 22 38 41 45 33
2/19/1992  07 09 10 17 38 44 32
2/22/1992  01 12 20 25 29 43 37
2/26/1992  16 18 27 28 29 31 04
2/29/1992  14 15 26 34 35 42 06
3/4/1992   09 12 21 22 35 44 41
3/7/1992   07 18 21 26 34 36 46
3/11/1992  01 07 28 31 40 44 46
3/14/1992  02 14 16 25 30 33 11
3/18/1992  02 12 24 26 38 42 13
3/21/1992  04 12 13 14 27 28 10
3/25/1992  12 22 29 32 33 36 27
3/28/1992  04 06 15 38 41 48 05
4/1/1992   02 05 24 25 31 35 33
4/4/1992   16 18 26 27 29 34 08
4/8/1992   29 34 35 39 40 43 30
4/11/1992  06 07 08 10 26 38 09
4/15/1992  07 12 19 22 32 48 13
4/18/1992  02 26 31 33 38 40 28
4/22/1992  05 09 22 33 34 48 35
4/25/1992  01 24 26 28 29 32 39
4/29/1992  07 15 28 29 33 41 13
5/2/1992   04 05 06 13 22 40 36
5/6/1992   14 17 21 25 27 39 32
5/9/1992   14 21 25 28 36 37 39
5/13/1992  19 20 25 27 31 38 10
5/16/1992  01 02 15 26 39 49 25
5/20/1992  21 23 31 34 38 44 08
5/23/1992  02 16 18 25 27 45 28
5/27/1992  11 30 32 34 42 44 36
5/30/1992  02 12 19 21 35 49 44
6/3/1992   09 32 34 36 43 49 24
6/6/1992   09 15 16 33 35 41 38
6/10/1992  03 19 29 31 34 42 14
6/13/1992  20 21 32 39 42 43 47
6/17/1992  09 12 17 25 30 35 04
6/20/1992  09 11 32 34 35 48 42
6/24/1992  07 18 21 26 31 37 42
6/27/1992  19 29 30 31 32 36 12
7/1/1992   13 23 29 39 46 47 03
7/4/1992   07 08 24 39 40 46 20
7/8/1992   01 02 03 04 13 48 20
7/11/1992  13 15 18 23 26 46 39
7/15/1992  05 21 30 33 36 41 18
7/18/1992  08 13 23 31 39 41 07
7/22/1992  16 20 22 31 40 43 42
7/25/1992  03 08 12 19 42 44 33
7/29/1992  05 06 07 14 16 46 37
8/1/1992   06 07 21 28 38 39 42
8/5/1992   01 02 12 20 21 47 42
8/8/1992   15 27 30 31 34 43 12
8/12/1992  03 04 20 22 33 46 19
8/15/1992  16 21 25 26 38 47 24
8/19/1992  09 10 21 28 30 41 01
8/22/1992  06 14 23 29 44 48 13
8/26/1992  04 13 26 35 41 46 06
8/29/1992  03 09 18 32 41 47 30
9/2/1992   01 15 32 35 38 49 14
9/5/1992   11 14 16 17 29 41 35
9/9/1992   05 10 31 35 37 41 20
9/12/1992  01 03 14 17 38 40 20
9/16/1992  01 04 30 40 42 48 49
9/19/1992  04 12 31 41 43 49 24
9/23/1992  19 21 34 36 47 49 42
9/26/1992  16 17 20 21 29 35 41
9/30/1992  14 35 40 43 46 47 11
10/3/1992  11 15 16 22 27 34 12
10/7/1992  08 17 25 26 38 42 14
10/10/1992 08 12 22 39 40 44 17
10/14/1992 03 12 35 42 43 45 13
10/17/1992 02 13 15 24 33 35 39
10/21/1992 07 18 26 35 38 48 49
10/24/1992 11 22 25 33 42 49 28
10/28/1992 03 11 13 15 20 39 32
10/31/1992 22 28 29 30 36 47 16
11/4/1992  12 14 19 26 40 42 03
11/7/1992  08 09 14 38 42 49 41
11/11/1992 12 19 28 31 41 47 16
11/14/1992 02 06 07 08 30 37 47
11/18/1992 03 07 11 29 45 48 08
11/21/1992 05 06 07 12 35 39 29
11/25/1992 18 28 29 30 46 49 07
11/28/1992 10 19 20 35 38 43 48
12/2/1992  02 16 22 24 27 45 42
12/5/1992  03 21 23 41 43 46 01
12/9/1992  01 05 10 16 44 45 23
12/12/1992 15 18 29 30 37 47 44
12/16/1992 02 11 32 33 48 49 03
12/19/1992 08 09 13 27 28 38 07
12/23/1992 07 14 32 36 39 44 43
12/26/1992 11 13 16 17 19 20 37
12/30/1992 11 23 30 31 34 46 17
1/2/1993   07 15 19 28 29 30 43
1/6/1993   03 16 20 22 37 39 31
1/9/1993   06 14 18 21 34 35 22
1/13/1993  03 11 16 23 24 26 25
1/16/1993  16 31 38 39 41 42 30
1/20/1993  11 12 18 20 36 43 44
1/23/1993  12 21 25 34 45 48 39
1/27/1993  07 15 31 41 46 47 17
1/30/1993  01 06 13 14 19 34 08
2/3/1993   01 24 28 34 44 47 43
2/6/1993   19 29 33 34 39 41 26
2/10/1993  13 19 29 31 32 48 47
2/13/1993  12 16 17 20 34 39 43
2/17/1993  04 12 16 22 32 40 35
2/20/1993  12 14 32 40 43 49 38
2/24/1993  04 05 08 10 32 39 28
2/27/1993  01 08 16 18 19 38 26
3/3/1993   22 24 28 33 38 46 31
3/6/1993   01 02 14 25 29 46 28
3/10/1993  03 06 09 39 46 47 01
3/13/1993  01 07 18 19 27 41 09
3/17/1993  05 12 15 26 36 46 23
3/20/1993  06 11 13 21 27 41 35
3/24/1993  09 15 25 27 28 41 46
3/27/1993  07 14 26 28 30 42 13
3/31/1993  06 20 24 29 32 42 17
4/3/1993   01 02 08 12 41 45 15
4/7/1993   08 28 30 37 41 43 14
4/10/1993  32 36 43 44 45 47 10
4/14/1993  11 18 20 25 35 39 19
4/17/1993  12 21 23 31 33 45 18
4/21/1993  04 06 17 31 34 49 02
4/24/1993  08 20 30 38 41 43 16
4/28/1993  04 07 11 18 46 47 36
5/1/1993   04 18 39 40 42 43 17
5/5/1993   03 13 16 18 19 46 39
5/8/1993   01 03 08 27 39 48 11
5/12/1993  09 20 24 38 44 48 37
5/15/1993  03 06 22 31 35 43 07
5/19/1993  03 25 29 37 44 45 43
5/22/1993  10 12 22 27 31 32 29
5/26/1993  05 06 09 39 43 47 32
5/29/1993  12 17 33 34 40 48 36
6/2/1993   01 03 19 32 37 47 23
6/5/1993   17 23 32 33 40 47 27
6/9/1993   18 27 28 34 38 45 19
6/12/1993  01 03 13 21 32 45 37
6/16/1993  03 08 12 20 26 39 24
6/19/1993  05 17 31 34 36 38 11
6/23/1993  05 24 38 40 44 48 10
6/26/1993  16 17 23 35 39 45 18
6/30/1993  12 18 27 29 31 43 20
7/3/1993   08 10 32 36 37 44 09
7/7/1993   23 27 31 39 41 42 07
7/10/1993  13 30 37 39 42 44 01
7/14/1993  16 24 25 27 29 40 19
7/17/1993  02 04 14 32 39 43 06
7/21/1993  01 06 16 38 41 48 27
7/24/1993  15 23 27 31 41 42 45
7/28/1993  02 04 08 09 22 34 48
7/31/1993  04 14 20 21 29 36 03
8/4/1993   05 18 19 26 30 40 46
8/7/1993   04 09 17 31 33 38 34
8/11/1993  02 06 15 26 36 40 28
8/14/1993  09 16 26 30 32 36 29
8/18/1993  20 22 37 42 43 46 24
8/21/1993  17 18 20 39 40 41 42
8/25/1993  16 19 20 25 35 42 30
8/28/1993  12 19 21 28 30 39 46
9/1/1993   02 18 31 33 43 47 13
9/4/1993   01 21 23 25 29 44 45
9/8/1993   04 21 23 29 33 40 41
9/11/1993  03 07 12 16 30 31 44
9/15/1993  04 09 12 27 28 48 15
9/18/1993  04 05 21 24 36 38 08
9/22/1993  11 12 27 29 31 38 18
9/25/1993  10 26 27 35 41 46 11
9/29/1993  11 19 20 36 38 47 35
10/2/1993  07 18 25 34 39 47 16
10/6/1993  23 26 29 41 42 46 18
10/9/1993  02 08 10 12 23 44 40
10/13/1993 04 23 24 34 41 48 47
10/16/1993 04 07 20 32 45 48 23
10/20/1993 11 17 22 30 40 41 37
10/23/1993 03 22 31 32 33 39 05
10/27/1993 02 07 08 15 21 40 25
10/30/1993 05 13 22 23 28 38 07
11/3/1993  13 15 23 26 32 33 28
11/6/1993  07 08 13 16 17 36 41
11/10/1993 06 27 33 41 47 48 07
11/13/1993 05 06 12 13 34 45 22
11/17/1993 08 28 30 33 37 46 24
11/20/1993 12 15 25 34 37 49 42
11/24/1993 01 19 22 23 24 34 47
11/27/1993 11 14 16 19 44 46 02
12/1/1993  01 04 15 27 32 45 38
12/4/1993  25 29 30 32 33 42 31
12/8/1993  07 09 19 28 34 45 12
12/11/1993 09 15 32 37 42 46 41
12/15/1993 11 25 28 29 33 43 20
12/18/1993 05 22 25 27 30 44 14
12/22/1993 04 09 17 26 32 37 22
12/25/1993 01 07 13 24 40 46 45
12/29/1993 02 06 15 29 31 37 47
1/1/1994   05 11 25 29 38 39 23
1/5/1994   02 12 19 21 24 43 26
1/8/1994   01 04 22 23 34 35 37
1/12/1994  10 24 26 30 40 47 06
1/15/1994  11 15 27 30 46 49 19
1/19/1994  04 14 17 20 21 33 01
1/22/1994  04 13 30 37 41 46 06
1/26/1994  13 14 27 31 38 40 12
1/29/1994  05 08 37 42 47 48 49
2/2/1994   09 10 30 31 37 44 04
2/5/1994   01 02 13 17 31 41 22
2/9/1994   17 19 20 21 35 41 42
2/12/1994  02 12 27 36 39 41 01
2/16/1994  07 22 25 39 45 48 37
2/19/1994  10 14 21 36 37 38 47
2/23/1994  05 07 11 31 35 46 30
2/26/1994  01 11 26 28 30 31 10
3/2/1994   05 10 14 35 43 47 26
3/5/1994   02 10 25 38 41 42 07
3/9/1994   10 13 14 34 36 42 40
3/12/1994  01 15 24 36 37 43 13
3/16/1994  22 24 37 38 46 49 35
3/19/1994  12 13 15 37 38 42 23
3/23/1994  05 08 32 33 47 49 46
3/26/1994  11 13 20 29 34 49 30
3/30/1994  13 15 23 28 46 49 21
4/2/1994   08 31 33 34 45 46 37
4/6/1994   05 17 20 27 28 31 47
4/9/1994   04 09 30 31 45 49 32
4/13/1994  09 16 22 27 38 48 35
4/16/1994  09 10 18 21 25 47 45
4/20/1994  10 20 26 35 42 43 48
4/23/1994  08 12 18 24 30 44 22
4/27/1994  11 24 40 42 44 45 49
4/30/1994  04 11 17 28 30 32 23
5/4/1994   09 11 22 27 37 42 43
5/7/1994   02 05 07 09 21 24 22
5/11/1994  02 03 17 38 40 42 01
5/14/1994  08 22 29 42 46 48 39
5/18/1994  01 04 08 30 31 33 21
5/21/1994  04 10 25 33 36 46 30
5/25/1994  05 22 27 35 38 47 37
5/28/1994  11 16 35 37 46 49 34
6/1/1994   12 13 16 29 44 45 40
6/4/1994   13 17 33 39 42 46 29
6/8/1994   18 21 24 31 35 39 14
6/11/1994  10 13 31 32 39 46 18
6/15/1994  02 20 22 23 24 31 38
6/18/1994  02 03 31 36 46 48 07
6/22/1994  08 10 31 34 40 41 49
6/25/1994  09 14 21 26 27 35 38
6/29/1994  10 13 14 34 39 48 23
7/2/1994   12 24 28 34 35 42 14
7/6/1994   30 34 37 38 40 49 16
7/9/1994   17 30 33 42 45 48 43
7/13/1994  06 08 12 44 46 47 36
7/16/1994  21 27 28 32 38 42 22
7/20/1994  10 17 19 31 35 48 13
7/23/1994  04 11 16 26 28 38 47
7/27/1994  03 08 12 26 29 42 13
7/30/1994  10 21 22 35 42 45 26
8/3/1994   13 16 18 27 28 41 32
8/6/1994   03 08 11 12 21 48 43
8/10/1994  01 12 14 34 39 48 03
8/13/1994  08 09 16 18 22 37 33
8/17/1994  18 21 23 24 28 41 19
8/20/1994  14 18 26 31 34 40 05
8/24/1994  07 09 19 25 42 44 11
8/27/1994  01 07 14 18 26 33 10
8/31/1994  01 14 19 34 42 49 32
9/3/1994   01 02 34 35 45 47 49
9/7/1994   02 03 13 27 30 49 07
9/10/1994  03 07 08 21 27 37 40
9/14/1994  15 20 36 37 48 49 21
9/17/1994  04 20 31 35 43 46 36
9/21/1994  23 24 25 29 34 48 20
9/24/1994  08 11 14 18 25 43 37
9/28/1994  01 19 24 26 31 32 10
10/1/1994  07 12 13 19 20 27 02
10/5/1994  10 15 17 20 22 37 25
10/8/1994  09 19 31 32 38 40 08
10/12/1994 06 07 09 17 19 44 47
10/15/1994 10 11 32 36 45 46 43
10/19/1994 04 09 18 22 34 42 02
10/22/1994 06 09 14 29 38 46 05
10/26/1994 18 19 20 23 30 42 28
10/29/1994 11 13 18 33 39 41 31
11/2/1994  19 25 26 41 44 45 20
11/5/1994  06 07 16 22 37 38 11
11/9/1994  06 19 20 31 43 48 33
11/12/1994 21 28 35 40 45 47 19
11/16/1994 23 29 33 34 38 42 43
11/19/1994 06 14 23 27 38 40 21
11/23/1994 05 07 09 10 13 49 28
11/26/1994 09 13 14 31 45 46 33
11/30/1994 12 32 41 42 46 49 39
12/3/1994  02 14 31 36 44 49 25
12/7/1994  07 15 31 36 38 39 48
12/10/1994 09 15 27 33 36 39 35
12/14/1994 08 12 30 33 34 44 31
12/17/1994 11 23 30 39 40 41 16
12/21/1994 16 17 26 30 40 43 22
12/24/1994 01 10 18 19 27 42 44
12/28/1994 10 21 22 27 28 43 17
12/31/1994 10 12 30 32 34 38 39
1/4/1995   21 22 24 31 33 34 41
1/7/1995   05 07 11 30 43 49 15
1/11/1995  03 05 10 28 41 47 42
1/14/1995  15 25 30 33 45 46 01
1/18/1995  03 08 15 18 26 34 25
1/21/1995  06 09 13 23 26 41 37
1/25/1995  07 08 31 35 37 41 42
1/28/1995  02 07 08 20 28 34 46
2/1/1995   10 32 35 37 39 47 17
2/4/1995   02 22 25 26 32 46 17
2/8/1995   16 18 21 22 27 47 05
2/11/1995  06 17 23 28 35 47 45
2/15/1995  06 15 28 38 43 47 14
2/18/1995  06 19 27 33 43 47 41
2/22/1995  15 16 19 30 35 39 17
2/25/1995  06 09 13 31 35 47 16
3/1/1995   01 19 20 36 46 49 24
3/4/1995   06 10 12 39 41 49 35
3/8/1995   09 13 24 28 30 44 42
3/11/1995  10 31 32 35 38 46 45
3/15/1995  01 08 22 34 38 43 20
3/18/1995  05 08 24 32 47 48 01
3/22/1995  03 09 16 19 32 47 17
3/25/1995  17 18 34 41 43 48 47
3/29/1995  02 04 06 26 27 44 31
4/1/1995   18 20 21 30 34 46 25
4/5/1995   06 15 23 24 34 42 04
4/8/1995   04 08 36 41 45 46 18
4/12/1995  16 17 19 32 35 42 33
4/15/1995  02 06 08 17 25 40 23
4/19/1995  03 04 11 12 28 31 08
4/22/1995  05 19 30 33 36 39 23
4/26/1995  03 17 19 21 27 46 29
4/29/1995  01 03 08 11 22 30 05
5/3/1995   05 16 17 32 45 48 10
5/6/1995   03 07 13 17 32 48 14
5/10/1995  12 15 19 25 26 32 10
5/13/1995  01 09 23 34 37 43 06
5/17/1995  01 03 07 27 34 41 21
5/20/1995  05 12 24 29 38 41 47
5/24/1995  02 05 09 14 44 46 42
5/27/1995  18 19 29 31 35 43 10
5/31/1995  17 25 27 30 32 36 49
6/3/1995   19 33 34 35 40 41 12
6/7/1995   13 14 28 33 34 48 09
6/10/1995  06 10 23 40 46 49 36
6/14/1995  09 14 26 32 33 48 47
6/17/1995  05 06 14 32 44 45 21
6/21/1995  01 04 05 09 27 42 13
6/24/1995  04 13 15 19 30 46 43
6/28/1995  03 30 31 33 34 41 01
7/1/1995   07 09 20 26 32 38 25
7/5/1995   05 17 24 25 28 49 30
7/8/1995   07 18 20 27 42 48 03
7/12/1995  13 32 35 38 40 44 47
7/15/1995  05 11 17 25 34 49 23
7/19/1995  06 11 17 26 27 47 01
7/22/1995  09 12 27 30 36 37 13
7/26/1995  16 18 29 31 41 47 28
7/29/1995  08 13 16 37 39 46 34
8/2/1995   02 11 23 33 43 46 16
8/5/1995   13 21 27 30 38 43 39
8/9/1995   03 07 17 21 32 46 35
8/12/1995  16 18 20 30 32 42 11
8/16/1995  19 20 28 30 31 43 35
8/19/1995  07 24 36 40 46 48 27
8/23/1995  04 07 13 20 27 30 37
8/26/1995  01 16 23 32 35 45 10
8/30/1995  20 21 27 36 37 47 03
9/2/1995   04 12 28 31 45 46 06
9/6/1995   07 18 21 23 32 46 38
9/9/1995   02 06 12 18 38 42 28
9/13/1995  02 03 13 16 22 48 49
9/16/1995  07 10 30 36 38 49 25
9/20/1995  08 13 17 18 27 32 20
9/23/1995  03 05 21 32 43 46 04
9/27/1995  12 17 19 22 42 48 04
9/30/1995  12 13 18 19 36 48 23
10/4/1995  19 29 37 41 45 48 39
10/7/1995  12 17 23 32 44 49 42
10/11/1995 01 09 18 33 36 48 29
10/14/1995 09 17 29 38 39 42 04
10/18/1995 03 04 08 15 30 31 28
10/21/1995 04 25 33 35 40 45 26
10/25/1995 03 05 12 38 41 44 18
10/28/1995 08 19 27 34 36 45 03
11/1/1995  02 20 22 30 33 43 42
11/4/1995  20 30 40 41 43 44 32
11/8/1995  02 06 18 28 32 44 20
11/11/1995 06 09 21 31 40 42 30
11/15/1995 12 26 27 34 41 43 10
11/18/1995 16 21 22 26 35 49 13
11/22/1995 05 12 34 35 37 49 14
11/25/1995 03 05 08 09 37 38 29
11/29/1995 14 22 26 38 42 43 36
12/2/1995  09 19 21 23 31 49 22
12/6/1995  05 12 22 26 29 31 40
12/9/1995  08 14 15 21 48 49 34
12/13/1995 07 15 20 23 40 49 16
12/16/1995 04 07 21 36 39 40 08
12/20/1995 04 11 12 14 27 30 08
12/23/1995 04 06 08 22 23 25 12
12/27/1995 08 18 26 30 39 49 03
12/30/1995 07 15 23 27 30 49 32
1/3/1996   01 10 16 24 39 48 30
1/6/1996   02 05 09 18 34 41 27
1/10/1996  01 12 27 28 41 44 25
1/13/1996  03 05 11 19 29 40 08
1/17/1996  01 09 27 33 37 41 26
1/20/1996  06 19 28 35 38 42 45
1/24/1996  01 03 05 16 20 26 31
1/27/1996  08 13 26 28 34 37 19
1/31/1996  04 09 13 22 24 30 31
2/3/1996   17 31 36 38 45 49 11
2/7/1996   28 32 34 41 45 48 23
2/10/1996  13 24 27 31 46 48 09
2/14/1996  09 13 20 30 34 36 12
2/17/1996  04 07 15 34 37 41 46
2/21/1996  08 34 38 43 46 47 05
2/24/1996  08 13 24 28 32 41 18
2/28/1996  01 03 07 25 33 34 22
3/2/1996   02 03 24 25 43 45 18
3/6/1996   02 09 17 25 30 40 49
3/9/1996   04 07 10 13 39 46 49
3/13/1996  03 08 13 21 32 49 28
3/16/1996  12 17 19 23 24 40 14
3/20/1996  03 06 10 15 42 47 25
3/23/1996  09 15 26 40 43 48 41
3/27/1996  20 21 30 39 41 47 17
3/30/1996  04 22 25 44 46 48 03
4/3/1996   23 30 35 44 46 48 20
4/6/1996   05 07 21 34 38 45 10
4/10/1996  11 16 18 27 42 43 36
4/13/1996  03 15 21 30 34 47 37
4/17/1996  01 15 20 34 36 39 45
4/20/1996  01 16 17 30 44 49 37
4/24/1996  11 12 13 14 39 47 24
4/27/1996  10 23 38 42 44 49 19
5/1/1996   30 32 39 40 42 44 29
5/4/1996   27 38 39 43 44 49 34
5/8/1996   04 20 23 26 32 46 03
5/11/1996  13 18 21 31 38 44 03
5/15/1996  12 14 16 41 45 48 47
5/18/1996  16 39 40 44 48 49 29
5/22/1996  01 12 18 23 47 49 24
5/25/1996  11 12 20 21 39 45 32
5/29/1996  03 09 29 31 44 49 26
6/1/1996   02 03 09 16 27 43 21
6/5/1996   19 20 38 39 44 45 01
6/8/1996   05 15 40 41 45 49 27
6/12/1996  01 14 20 25 27 31 21
6/15/1996  07 20 23 27 38 41 05
6/19/1996  23 32 34 37 42 43 24
6/22/1996  03 28 36 37 43 47 20
6/26/1996  08 15 23 39 40 45 25
6/29/1996  08 09 14 27 40 49 05
7/3/1996   16 18 19 23 32 33 29
7/6/1996   07 13 21 22 33 38 30
7/10/1996  11 20 21 26 39 43 01
7/13/1996  01 02 10 24 29 39 30
7/17/1996  01 08 10 15 40 41 16
7/20/1996  03 05 08 37 38 46 24
7/24/1996  08 12 19 25 27 40 44
7/27/1996  21 26 27 34 40 48 39
7/31/1996  04 13 21 23 37 38 01
8/3/1996   05 12 31 33 39 49 22
8/7/1996   02 21 25 30 35 41 01
8/10/1996  04 14 15 19 23 38 49
8/14/1996  02 08 12 24 34 39 04
8/17/1996  01 19 24 33 44 45 48
8/21/1996  18 25 26 31 34 42 36
8/24/1996  12 28 32 43 47 48 16
8/28/1996  07 13 24 39 41 49 16
8/31/1996  01 05 08 14 38 45 25
9/4/1996   01 14 17 24 41 42 34
9/7/1996   11 14 15 21 30 32 37
9/11/1996  12 14 20 21 39 43 48
9/14/1996  01 15 27 29 35 47 39
9/18/1996  13 26 30 38 43 46 06
9/21/1996  02 03 13 17 23 42 31
9/25/1996  07 21 32 33 38 42 10
9/28/1996  20 30 32 39 41 42 26
10/2/1996  07 18 21 29 36 37 27
10/5/1996  05 22 30 31 37 38 23
10/9/1996  15 16 19 27 31 39 01
10/12/1996 08 20 38 40 42 44 10
10/16/1996 06 13 14 15 20 42 21
10/19/1996 05 13 19 31 40 43 11
10/23/1996 04 05 10 21 24 44 14
10/26/1996 01 08 09 14 37 45 10
10/30/1996 14 19 21 25 34 48 20
11/2/1996  10 16 17 23 36 48 19
11/6/1996  04 07 36 39 47 48 20
11/9/1996  07 21 25 31 42 47 20
11/13/1996 02 07 09 31 44 46 26
11/16/1996 02 12 21 34 41 43 36
11/20/1996 04 08 23 26 30 46 45
11/23/1996 03 05 06 08 14 48 01
11/27/1996 04 09 21 26 48 49 45
11/30/1996 04 13 21 23 30 40 03
12/4/1996  09 17 29 32 41 42 18
12/7/1996  02 06 27 35 41 42 04
12/11/1996 01 03 06 11 27 47 18
12/14/1996 14 15 32 38 40 46 03
12/18/1996 07 08 12 18 23 36 19
12/21/1996 09 12 23 33 41 47 05
12/25/1996 13 17 27 31 40 42 34
12/28/1996 08 21 22 31 33 45 39
1/1/1997   01 23 25 26 33 44 24
1/4/1997   23 28 33 38 47 49 09
1/8/1997   19 24 30 35 37 44 40
1/11/1997  04 13 17 28 44 47 23
1/15/1997  02 08 13 16 26 31 23
1/18/1997  08 10 18 31 41 48 39
1/22/1997  06 14 16 27 30 43 42
1/25/1997  06 27 30 31 34 47 35
1/29/1997  01 08 19 27 32 39 33
2/1/1997   04 08 23 35 40 46 05
2/5/1997   04 05 07 08 16 39 03
2/8/1997   20 21 25 31 43 45 02
2/12/1997  08 13 25 30 43 45 21
2/15/1997  06 09 16 27 46 48 38
2/19/1997  09 21 25 27 40 42 14
2/22/1997  01 03 07 13 39 46 04
2/26/1997  05 06 21 26 42 48 28
3/1/1997   11 24 28 40 46 47 39
3/5/1997   03 20 22 30 44 45 05
3/8/1997   13 31 32 40 45 48 16
3/12/1997  12 16 25 26 28 41 43
3/15/1997  05 21 29 31 45 49 41
3/19/1997  12 16 20 22 26 38 36
3/22/1997  04 15 20 27 41 45 40
3/26/1997  04 27 32 38 40 45 20
3/29/1997  09 20 27 34 38 46 35
4/2/1997   01 03 12 14 17 46 38
4/5/1997   02 03 15 19 44 45 34
4/9/1997   11 14 15 16 28 42 39
4/12/1997  11 15 27 39 43 44 04
4/16/1997  09 14 19 28 37 46 48
4/19/1997  04 14 18 35 36 48 27
4/23/1997  22 28 36 42 46 49 43
4/26/1997  03 14 19 26 35 45 37
4/30/1997  02 16 20 36 45 47 32
5/3/1997   02 08 16 31 34 36 13
5/7/1997   08 20 23 25 36 43 35
5/10/1997  03 05 06 20 29 33 09
5/14/1997  05 15 17 32 41 45 42
5/17/1997  11 21 25 27 28 37 09
5/21/1997  03 12 21 24 37 45 28
5/24/1997  13 23 26 27 30 44 01
5/28/1997  02 03 19 32 36 47 25
5/31/1997  03 08 13 30 37 47 46
6/4/1997   01 02 16 19 20 38 34
6/7/1997   01 04 10 22 27 42 05
6/11/1997  20 21 22 34 36 43 06
6/14/1997  07 16 18 25 32 33 40
6/18/1997  05 25 33 37 39 43 48
6/21/1997  17 21 25 26 33 48 03
6/25/1997  03 08 10 23 31 47 46
6/28/1997  03 10 19 27 32 33 08
7/2/1997   17 25 29 30 34 40 45
7/5/1997   02 03 11 14 27 30 38
7/9/1997   04 31 32 35 37 48 30
7/12/1997  12 16 20 23 36 47 38
7/16/1997  06 15 16 36 39 46 38
7/19/1997  04 05 25 37 39 44 17
7/23/1997  04 12 36 44 45 47 21
7/26/1997  14 19 22 24 35 47 12
7/30/1997  04 05 10 20 23 47 33
8/2/1997   01 07 14 16 32 41 24
8/6/1997   01 06 08 10 14 49 12
8/9/1997   01 02 05 11 17 19 27
8/13/1997  07 15 25 32 44 48 46
8/16/1997  03 04 06 20 31 35 19
8/20/1997  06 14 25 30 31 36 04
8/23/1997  28 29 36 39 45 46 11
8/27/1997  12 13 16 34 44 49 42
8/30/1997  16 19 22 34 37 40 45
9/3/1997   13 14 18 23 24 27 07
9/6/1997   13 23 27 39 41 49 24
9/10/1997  07 12 20 35 36 38 21
9/13/1997  06 11 20 24 38 42 08
9/17/1997  15 23 39 40 44 46 22
9/20/1997  09 11 32 38 39 40 48
9/24/1997  10 12 34 37 39 41 04
9/27/1997  02 10 23 31 39 49 05
10/1/1997  01 03 16 29 31 46 12
10/4/1997  23 26 29 31 33 42 44
10/8/1997  02 03 11 15 34 47 25
10/11/1997 02 03 14 17 25 49 27
10/15/1997 17 23 24 39 45 49 25
10/18/1997 10 13 16 21 26 35 38
10/22/1997 05 11 14 19 27 29 17
10/25/1997 01 11 22 28 30 43 06
10/29/1997 01 20 23 31 34 44 24
11/1/1997  03 17 18 21 23 28 39
11/5/1997  13 15 27 31 43 44 02
11/8/1997  11 15 16 25 31 44 30
11/12/1997 04 05 14 30 32 34 27
11/15/1997 11 28 29 34 38 40 48
11/19/1997 10 23 28 38 43 45 36
11/22/1997 10 15 25 31 33 35 08
11/26/1997 07 10 12 15 23 47 05
11/29/1997 03 04 05 09 14 18 11
12/3/1997  05 20 34 38 39 47 12
12/6/1997  05 06 18 23 28 47 09
12/10/1997 03 17 19 29 37 42 41
12/13/1997 02 16 22 23 36 45 48
12/17/1997 02 05 09 10 22 35 27
12/20/1997 07 13 18 26 27 47 02
12/24/1997 29 32 33 46 47 48 17
12/27/1997 06 12 24 29 34 45 17
12/31/1997 10 13 29 30 37 41 40
1/3/1998   06 20 24 33 42 47 25
1/7/1998   02 09 19 37 39 46 05
1/10/1998  03 06 09 16 30 49 11
1/14/1998  08 18 20 22 39 40 09
1/17/1998  05 14 23 28 34 47 18
1/21/1998  02 03 10 16 27 37 45
1/24/1998  05 09 14 21 25 42 07
1/28/1998  01 02 30 31 34 49 40
1/31/1998  06 10 26 28 37 42 17
2/4/1998   10 16 28 37 42 47 21
2/7/1998   07 18 20 21 32 40 11
2/11/1998  02 13 19 32 38 47 05
2/13/1998  07 12 30 35 44 49 39
2/14/1998  04 10 16 21 33 36 24
2/18/1998  07 14 18 25 32 37 36
2/21/1998  06 22 25 26 37 43 28
2/25/1998  22 26 29 31 36 39 21
2/28/1998  07 20 22 23 44 49 18
3/4/1998   08 12 17 28 38 40 20
3/7/1998   26 34 36 41 46 48 44
3/11/1998  03 06 08 30 40 43 20
3/14/1998  06 07 19 34 36 41 49
3/18/1998  15 23 28 39 45 48 02
3/21/1998  08 12 15 23 38 45 20
3/25/1998  01 07 09 11 37 40 23
3/28/1998  16 22 27 29 36 42 26
4/1/1998   05 20 29 42 45 49 28
4/4/1998   08 12 33 36 40 45 13
4/8/1998   09 12 15 29 32 37 48
4/11/1998  08 29 34 37 39 47 12
4/15/1998  10 12 27 31 37 42 25
4/18/1998  02 23 24 28 31 35 29
4/22/1998  08 19 35 42 43 48 29
4/25/1998  02 08 20 28 39 40 21
4/29/1998  03 17 28 30 47 48 35
5/2/1998   05 12 13 15 30 49 22
5/6/1998   07 17 24 32 34 43 13
5/9/1998   07 14 27 32 46 49 33
5/13/1998  04 15 23 30 35 49 41
5/16/1998  04 20 25 28 35 42 31
5/20/1998  10 11 20 22 31 39 21
5/23/1998  01 21 26 31 32 47 25
5/27/1998  04 09 15 20 37 43 47
5/30/1998  01 05 12 13 16 21 20
6/3/1998   02 27 32 35 41 47 04
6/6/1998   05 06 31 33 44 49 43
6/10/1998  01 02 06 10 16 21 19
6/13/1998  12 16 20 27 43 44 41
6/17/1998  06 15 23 30 34 43 05
6/20/1998  02 06 15 24 34 38 08
6/24/1998  01 05 22 42 47 49 20
6/27/1998  06 20 26 40 42 46 05
7/1/1998   09 12 25 31 36 48 39
7/4/1998   02 19 23 29 46 47 40
7/8/1998   10 26 28 35 38 39 03
7/11/1998  10 13 27 28 31 49 47
7/15/1998  05 31 37 38 43 49 14
7/18/1998  06 16 17 23 34 35 49
7/22/1998  02 03 22 31 34 45 37
7/25/1998  10 11 33 38 39 45 44
7/29/1998  01 04 14 21 22 29 31
8/1/1998   10 11 19 34 45 46 28
8/5/1998   01 04 14 17 31 44 27
8/8/1998   03 20 21 33 35 45 26
8/12/1998  15 16 38 39 41 45 08
8/15/1998  12 13 15 37 41 49 45
8/19/1998  01 04 08 09 47 48 24
8/22/1998  12 17 21 23 38 44 14
8/26/1998  01 04 22 26 37 47 07
8/29/1998  08 20 22 36 47 49 45
9/2/1998   09 20 26 34 44 49 18
9/5/1998   04 06 29 32 33 38 01
9/9/1998   10 30 37 44 47 49 11
9/12/1998  05 09 10 15 21 41 42
9/16/1998  08 21 23 29 30 37 03
9/19/1998  13 15 26 32 34 36 33
9/23/1998  01 13 26 28 29 41 43
9/26/1998  13 15 28 31 35 45 04
9/30/1998  10 15 22 25 32 34 37
10/3/1998  01 06 17 20 33 44 26
10/7/1998  01 06 14 18 25 34 41
10/10/1998 03 08 21 23 33 49 37
10/14/1998 06 22 28 32 42 45 10
10/17/1998 10 14 15 17 23 25 26
10/21/1998 04 08 15 30 41 45 26
10/24/1998 19 20 21 27 34 43 03
10/28/1998 09 10 23 35 42 49 28
10/31/1998 03 11 24 37 38 39 42
11/4/1998  15 20 21 22 26 35 31
11/7/1998  14 27 31 38 45 47 44
11/11/1998 03 05 06 12 14 30 19
11/14/1998 04 21 23 34 43 45 25
11/18/1998 01 02 06 22 36 47 41
11/21/1998 02 09 21 24 35 46 05
11/25/1998 06 16 17 28 45 49 03
11/28/1998 03 22 25 33 39 41 21
12/2/1998  01 03 05 06 24 39 16
12/5/1998  04 12 15 18 19 32 27
12/9/1998  17 18 19 36 41 42 25
12/12/1998 10 11 20 29 43 45 39
12/16/1998 11 12 16 19 26 37 33
12/19/1998 06 12 17 26 38 44 14
12/23/1998 03 15 17 18 24 44 23
12/26/1998 02 08 10 14 18 44 23
12/30/1998 10 13 16 19 25 31 23
1/2/1999   06 29 33 34 36 48 27
1/6/1999   06 11 30 36 37 48 24
1/9/1999   01 03 18 23 24 35 29
1/13/1999  01 02 06 10 14 29 03
1/16/1999  01 03 05 27 30 45 04
1/20/1999  01 10 16 38 44 45 20
1/23/1999  04 05 09 17 30 41 20
1/27/1999  12 29 38 46 48 49 07
1/30/1999  04 22 23 38 42 43 49
2/3/1999   10 17 19 23 25 35 06
2/6/1999   06 11 20 28 33 49 47
2/10/1999  09 26 32 41 48 49 07
2/17/1999  08 15 27 40 45 46 34
2/20/1999  09 16 27 28 32 45 43
2/24/1999  02 17 19 20 26 41 11
2/27/1999  12 24 25 29 39 42 03
3/3/1999   02 03 05 10 26 27 35
3/6/1999   14 32 35 47 48 49 13
3/10/1999  07 09 10 13 15 34 47
3/13/1999  05 24 30 33 37 40 31
3/17/1999  07 09 12 30 41 44 24
3/20/1999  02 12 16 19 36 37 18
3/24/1999  22 26 32 38 45 46 10
3/27/1999  15 21 32 34 36 38 13
3/31/1999  03 12 18 28 31 36 14
4/3/1999   11 22 24 31 32 36 02
4/7/1999   02 25 38 42 45 48 20
4/10/1999  04 23 33 34 36 47 16
4/14/1999  17 20 28 34 40 42 11
4/17/1999  24 28 29 31 36 40 25
4/21/1999  13 20 22 32 39 43 05
4/24/1999  02 09 16 35 41 48 29
4/28/1999  11 14 16 17 19 26 35
5/1/1999   06 12 18 20 30 45 40
5/5/1999   01 26 29 37 40 43 38
5/8/1999   03 04 09 24 46 49 08
5/12/1999  02 05 18 29 35 37 24
5/15/1999  02 14 28 30 38 45 01
5/19/1999  02 05 18 36 37 47 13
5/22/1999  02 08 12 27 37 39 11
5/26/1999  14 16 31 34 36 44 13
5/29/1999  02 10 12 15 18 36 14
6/2/1999   03 14 22 37 46 48 43
6/5/1999   13 23 24 37 46 47 10
6/9/1999   09 12 22 26 29 32 04
6/12/1999  10 22 37 38 41 42 43
6/16/1999  09 11 12 17 33 42 30
6/19/1999  10 29 31 32 38 47 21
6/23/1999  09 15 22 37 40 49 33
6/26/1999  05 21 29 30 36 42 11
6/30/1999  05 20 26 34 37 46 12
7/3/1999   02 05 11 15 31 36 41
7/7/1999   12 16 20 26 43 44 24
7/10/1999  17 23 30 36 48 49 42
7/14/1999  05 09 12 42 48 49 36
7/17/1999  08 14 39 41 42 49 13
7/21/1999  04 07 12 17 24 32 21
7/24/1999  04 07 10 25 35 38 13
7/28/1999  07 24 28 37 48 49 08
7/31/1999  05 14 26 31 38 48 06
8/4/1999   04 11 19 21 23 40 44
8/7/1999   04 10 23 25 39 42 11
8/11/1999  19 27 33 41 43 46 42
8/14/1999  06 08 12 13 18 46 03
8/18/1999  04 07 13 31 36 37 28
8/21/1999  11 14 16 21 32 39 36
8/25/1999  04 19 27 28 32 36 15
8/28/1999  17 26 36 39 44 47 04
9/1/1999   01 10 17 20 33 45 08
9/4/1999   02 12 40 42 45 47 28
9/8/1999   09 18 22 25 42 49 44
9/11/1999  02 03 06 15 39 44 33
9/15/1999  03 05 13 20 27 29 36
9/18/1999  04 07 25 30 42 47 41
9/22/1999  02 11 24 29 42 46 23
9/25/1999  02 19 36 45 46 47 22
9/29/1999  03 04 13 34 35 36 49
10/2/1999  13 20 23 31 44 49 17
10/6/1999  15 19 27 29 42 48 22
10/9/1999  01 02 14 25 41 44 39
10/13/1999 24 37 41 44 45 47 31
10/16/1999 15 16 23 38 41 46 40
10/20/1999 05 14 17 32 40 46 42
10/23/1999 09 19 36 40 42 48 22
10/27/1999 02 03 22 32 33 34 05
10/30/1999 18 20 27 34 39 43 21
11/3/1999  05 26 30 34 41 44 04
11/6/1999  15 16 22 33 34 43 11
11/10/1999 02 08 20 28 41 42 25
11/13/1999 05 14 20 22 40 43 38
11/17/1999 21 26 27 32 42 44 17
11/20/1999 02 10 14 24 31 45 23
11/24/1999 01 19 22 29 35 48 16
11/27/1999 08 11 14 34 41 42 01
12/1/1999  06 09 12 21 27 32 10
12/4/1999  03 08 09 33 39 49 35
12/8/1999  07 14 24 27 29 49 05
12/11/1999 04 09 11 16 17 44 31
12/15/1999 02 20 24 25 35 45 14
12/18/1999 07 32 35 36 47 48 15
12/22/1999 22 23 32 34 36 47 45
12/25/1999 02 08 42 45 47 49 28
12/29/1999 06 10 15 17 28 44 49
1/1/2000   02 34 36 41 43 45 04
1/5/2000   03 12 22 35 40 47 19
1/8/2000   06 16 27 30 34 35 13
1/12/2000  06 14 20 32 37 44 24
1/15/2000  01 09 15 26 47 48 13
1/19/2000  02 06 27 40 41 47 37
1/22/2000  04 14 18 36 39 44 11
1/26/2000  12 17 25 44 45 47 43
1/29/2000  06 07 22 33 36 40 09
2/2/2000   08 20 34 36 41 43 31
2/5/2000   04 20 24 44 46 47 14
2/9/2000   03 11 16 24 36 43 45
2/12/2000  07 22 25 35 40 42 11
2/16/2000  11 18 25 28 34 44 14
2/19/2000  07 09 13 25 27 47 14
2/23/2000  01 05 29 32 37 43 44
2/26/2000  03 05 10 41 43 45 08
3/1/2000   04 10 14 19 22 27 18
3/4/2000   10 14 16 19 23 36 02
3/8/2000   11 21 27 29 39 45 34
3/11/2000  03 12 26 34 37 41 38
3/15/2000  04 05 26 29 30 34 22
3/18/2000  04 16 19 26 35 43 47
3/22/2000  03 08 17 24 27 43 10
3/25/2000  10 30 31 35 43 44 46
3/29/2000  10 11 12 19 41 48 34
4/1/2000   03 16 32 39 46 49 19
4/5/2000   05 09 12 20 25 27 39
4/8/2000   05 10 24 27 30 45 02
4/12/2000  10 29 34 42 46 47 40
4/15/2000  01 18 25 41 47 48 03
4/19/2000  12 16 32 44 47 49 42
4/22/2000  07 14 20 24 28 39 31
4/26/2000  05 24 28 35 38 42 36
4/29/2000  01 06 19 25 33 48 27
5/3/2000   12 19 33 36 40 44 24
5/6/2000   11 12 19 34 36 45 06
5/10/2000  13 19 23 40 45 49 15
5/13/2000  02 10 11 27 33 37 07
5/17/2000  01 13 23 36 37 48 16
5/20/2000  03 05 08 14 27 31 18
5/24/2000  22 23 24 27 30 45 33
5/27/2000  11 14 18 27 30 42 22
5/31/2000  02 05 11 25 32 34 39
6/3/2000   04 08 18 32 38 45 30
6/7/2000   07 10 27 42 43 47 44
6/10/2000  01 04 16 22 32 37 33
6/14/2000  05 06 21 26 33 40 22
6/17/2000  05 07 09 33 41 48 43
6/21/2000  11 15 29 31 34 46 07
6/24/2000  01 17 21 27 40 44 36
6/28/2000  03 13 22 23 24 25 07
7/1/2000   10 15 17 20 31 44 04
7/5/2000   11 15 19 27 40 48 16
7/8/2000   05 10 12 38 40 41 11
7/12/2000  16 21 31 35 42 44 25
7/15/2000  04 20 28 34 42 49 25
7/19/2000  15 17 32 42 43 45 09
7/22/2000  01 12 18 23 42 47 26
7/26/2000  02 03 25 37 39 40 46
7/29/2000  05 12 19 35 37 43 02
8/2/2000   02 03 12 27 31 47 11
8/5/2000   11 33 37 40 45 46 17
8/9/2000   09 21 39 42 45 49 25
8/13/2000  03 13 14 18 29 40 48
8/16/2000  10 15 16 32 33 41 09
8/19/2000  02 11 14 22 25 34 06
8/23/2000  06 08 14 17 32 47 10
8/26/2000  10 23 35 41 43 47 16
8/30/2000  18 19 29 40 43 49 13
9/2/2000   04 06 12 27 28 46 18
9/6/2000   20 27 31 40 42 45 22
9/9/2000   09 11 19 22 24 42 12
9/13/2000  02 10 27 29 31 49 46
9/16/2000  15 20 36 37 46 49 45
9/20/2000  03 06 21 30 36 40 14
9/23/2000  02 20 22 31 37 49 27
9/27/2000  01 24 29 35 40 45 34
9/30/2000  15 18 20 24 31 41 01
10/4/2000  07 14 19 40 43 49 13
10/7/2000  06 24 25 40 41 44 16
10/11/2000 05 06 21 35 38 46 15
10/14/2000 01 10 14 19 38 45 18
10/18/2000 02 09 11 23 27 45 17
10/21/2000 38 43 44 45 46 47 17
10/25/2000 07 12 16 29 37 43 49
10/28/2000 03 10 23 40 43 46 42
11/1/2000  09 13 21 23 36 47 15
11/4/2000  05 06 11 20 25 47 34
11/8/2000  12 21 33 39 47 49 46
11/11/2000 21 26 29 42 44 49 33
11/15/2000 24 25 28 36 37 42 40
11/18/2000 05 09 23 28 29 48 26
11/22/2000 04 32 36 37 40 49 42
11/25/2000 12 23 24 31 45 46 33
11/29/2000 06 13 23 24 31 42 27
12/2/2000  03 06 20 24 36 47 34
12/6/2000  02 14 21 25 32 47 22
12/9/2000  09 19 21 30 38 40 33
12/13/2000 14 16 18 19 34 40 45
12/16/2000 04 17 27 33 34 45 42
12/20/2000 13 41 42 45 46 49 48
12/23/2000 11 15 24 30 31 33 25
12/27/2000 06 09 17 33 43 45 37
12/30/2000 07 09 17 27 31 48 41
1/3/2001   05 07 12 37 39 46 22
1/6/2001   17 30 37 41 43 48 34
1/10/2001  17 25 40 42 45 49 33
1/13/2001  03 05 33 40 45 46 21
1/17/2001  03 09 11 28 29 47 37
1/20/2001  04 09 10 19 26 36 30
1/24/2001  14 25 26 33 36 44 07
1/27/2001  26 30 32 37 41 47 08
1/31/2001  03 19 29 34 38 45 40
2/3/2001   15 17 21 22 43 45 34
2/7/2001   09 23 29 38 39 43 45
2/10/2001  09 11 36 38 46 47 12
2/14/2001  12 13 14 32 41 43 06
2/17/2001  09 13 27 28 38 42 20
2/21/2001  05 10 23 36 40 44 18
2/24/2001  05 12 25 34 35 45 36
2/28/2001  06 09 17 18 20 39 27
3/3/2001   01 02 04 18 28 35 08
3/7/2001   19 20 22 24 38 42 41
3/10/2001  05 07 08 12 23 28 38
3/14/2001  06 20 31 36 38 44 04
3/17/2001  09 17 19 22 29 37 24
3/21/2001  04 20 21 27 42 47 43
3/24/2001  01 27 31 33 35 47 41
3/28/2001  12 19 32 34 39 43 35
3/31/2001  01 12 13 28 32 44 47
4/4/2001   01 16 17 24 31 32 15
4/7/2001   02 11 25 27 40 44 28
4/11/2001  02 08 11 24 30 36 05
4/14/2001  03 12 14 30 33 40 36
4/18/2001  11 16 20 25 46 48 05
4/21/2001  16 17 19 27 30 37 06
4/25/2001  11 18 20 27 39 46 45
4/28/2001  09 15 26 28 33 39 08
5/2/2001   01 31 38 43 45 46 40
5/5/2001   19 20 23 39 40 43 47
5/9/2001   03 05 07 10 30 43 23
5/12/2001  03 06 25 26 42 44 02
5/16/2001  11 17 29 34 37 45 19
5/19/2001  07 08 18 29 34 44 37
5/23/2001  05 09 15 21 42 43 32
5/26/2001  02 19 25 30 41 45 21
5/30/2001  09 11 12 22 37 48 08
6/2/2001   05 06 11 17 29 37 32
6/6/2001   03 10 17 22 24 40 46
6/9/2001   01 14 23 25 30 41 43
6/13/2001  07 18 22 30 36 43 24
6/16/2001  14 19 20 21 24 28 32
6/20/2001  02 03 13 17 23 32 39
6/23/2001  03 15 24 36 42 47 49
6/27/2001  01 03 19 27 30 48 11
6/30/2001  03 08 15 32 46 48 44
7/4/2001   03 05 09 31 40 41 47
7/7/2001   05 17 29 31 33 46 20
7/11/2001  09 23 27 31 35 48 01
7/14/2001  08 21 25 35 40 41 05
7/18/2001  05 10 13 19 22 47 30
7/21/2001  01 11 22 27 33 49 10
7/25/2001  06 08 13 24 34 46 12
7/28/2001  15 26 29 41 46 48 23
8/1/2001   06 33 39 41 42 44 25
8/4/2001   01 11 15 33 36 49 05
8/8/2001   16 19 29 35 36 38 47
8/11/2001  12 14 16 23 24 45 11
8/15/2001  14 22 27 32 40 47 26
8/18/2001  05 19 26 29 40 42 14
8/22/2001  05 13 15 28 31 34 18
8/25/2001  01 07 18 23 29 43 04
8/29/2001  07 09 22 23 37 42 36
9/1/2001   07 08 18 23 47 48 49
9/5/2001   08 09 21 34 42 43 05
9/8/2001   04 22 25 27 39 45 31
9/12/2001  07 15 34 38 43 45 29
9/15/2001  04 22 24 32 42 43 18
9/19/2001  10 24 25 30 40 48 21
9/22/2001  10 19 27 29 33 36 23
9/26/2001  02 06 12 17 39 47 08
9/29/2001  02 11 16 18 21 33 05
10/3/2001  19 20 22 28 40 42 01
10/6/2001  01 18 27 28 43 47 11
10/10/2001 09 25 42 43 46 47 16
10/13/2001 14 17 22 32 36 49 16
10/17/2001 18 21 25 34 36 45 11
10/20/2001 09 10 22 38 43 44 20
10/24/2001 04 12 21 26 43 46 16
10/27/2001 18 21 25 26 32 48 38
10/31/2001 12 15 29 30 45 47 08
11/3/2001  04 08 14 26 29 43 16
11/7/2001  02 05 13 18 29 42 35
11/10/2001 03 13 17 26 33 35 23
11/14/2001 01 20 27 42 46 48 32
11/17/2001 04 15 21 31 41 49 43
11/21/2001 02 08 12 18 24 35 43
11/24/2001 02 07 21 33 39 46 15
11/28/2001 01 21 29 42 45 47 08
12/1/2001  02 03 06 07 18 36 14
12/5/2001  10 13 31 43 47 48 44
12/8/2001  02 03 04 18 28 43 15
12/12/2001 18 30 31 32 43 44 37
12/15/2001 01 08 18 31 34 37 27
12/19/2001 10 17 19 20 25 35 11
12/22/2001 14 27 34 38 44 45 24
12/26/2001 03 06 09 10 13 20 29
12/29/2001 25 26 34 36 43 46 09
1/2/2002   08 09 15 22 26 39 30
1/5/2002   04 19 20 35 41 46 27
1/9/2002   08 12 15 23 28 39 43
1/12/2002  01 07 13 30 34 36 38
1/16/2002  13 17 18 28 37 44 32
1/19/2002  07 09 22 35 40 47 36
1/23/2002  01 07 08 33 40 44 28
1/26/2002  03 27 31 34 35 40 22
1/30/2002  02 04 06 11 37 47 22
2/2/2002   11 17 22 26 43 48 27
2/6/2002   01 05 14 15 20 43 32
2/9/2002   07 14 20 30 35 36 10
2/13/2002  01 02 06 24 40 47 07
2/16/2002  16 29 34 40 46 48 03
2/20/2002  04 15 21 29 30 35 08
2/23/2002  07 28 38 39 44 48 06
2/27/2002  04 07 16 36 39 40 13
3/2/2002   03 11 13 28 40 47 16
3/6/2002   07 18 20 26 28 31 13
3/9/2002   04 06 16 38 44 45 09
3/13/2002  12 14 20 23 43 47 03
3/16/2002  02 17 24 26 35 47 41
3/20/2002  03 11 12 17 29 41 23
3/23/2002  02 04 09 31 36 40 03
3/27/2002  17 26 30 34 43 48 46
3/30/2002  01 18 26 34 42 48 07
4/3/2002   03 08 29 40 43 44 17
4/6/2002   01 11 14 18 20 38 37
4/10/2002  03 05 24 26 33 46 11
4/13/2002  15 27 35 38 44 46 23
4/17/2002  19 35 36 39 44 48 11
4/20/2002  18 20 27 32 34 36 03
4/24/2002  07 22 35 36 41 49 40
4/27/2002  03 08 12 36 40 47 21
5/1/2002   01 06 25 31 33 43 49
5/4/2002   15 23 38 39 44 49 18
5/8/2002   01 10 30 37 44 49 39
5/11/2002  09 33 36 40 46 47 35
5/15/2002  01 04 14 20 41 44 09
5/18/2002  13 15 24 34 42 47 23
5/22/2002  04 08 09 26 34 43 48
5/25/2002  12 28 31 34 36 42 30
5/29/2002  02 06 08 15 24 44 21
6/1/2002   07 08 12 37 46 48 41
6/5/2002   01 02 09 15 20 38 13
6/8/2002   02 12 19 38 43 48 13
6/12/2002  03 04 15 18 34 47 45
6/15/2002  20 29 38 39 42 46 23
6/19/2002  05 10 34 35 36 45 18
6/22/2002  12 15 18 23 24 46 09
6/26/2002  02 10 20 25 44 48 27
6/29/2002  08 22 41 43 48 49 46
7/3/2002   25 27 28 36 37 40 17
7/6/2002   10 21 23 28 31 39 07
7/10/2002  01 05 07 10 26 49 19
7/13/2002  19 27 29 30 40 45 04
7/17/2002  03 10 16 36 39 46 42
7/20/2002  09 26 28 30 37 41 11
7/24/2002  02 04 08 15 22 49 31
7/27/2002  01 05 13 22 28 43 09
7/31/2002  09 11 27 33 40 42 25
8/3/2002   04 14 24 27 30 40 38
8/7/2002   02 16 21 22 28 47 18
8/10/2002  13 16 18 27 43 45 25
8/14/2002  11 28 33 37 40 46 16
8/17/2002  14 20 22 41 43 49 16
8/21/2002  04 07 13 25 37 45 33
8/24/2002  02 07 21 43 44 46 29
8/28/2002  02 11 20 29 30 48 38
8/31/2002  06 07 10 11 14 47 28
9/4/2002   02 08 10 14 31 39 30
9/7/2002   03 04 08 12 24 28 31
9/11/2002  02 08 12 15 28 49 21
9/14/2002  06 16 23 31 34 39 24
9/18/2002  04 14 39 42 46 48 26
9/21/2002  03 19 29 34 35 36 11
9/25/2002  02 24 33 34 36 37 48
9/28/2002  05 16 17 31 38 45 01
10/2/2002  01 14 16 18 38 49 13
10/5/2002  12 13 16 20 24 26 01
10/9/2002  12 21 23 26 34 47 03
10/12/2002 06 18 23 24 28 46 38
10/16/2002 02 14 23 36 46 47 25
10/19/2002 10 14 20 28 32 40 33
10/23/2002 07 11 24 29 32 36 42
10/26/2002 05 06 14 29 33 47 43
10/30/2002 05 06 13 22 29 46 08
11/2/2002  04 06 11 21 27 48 03
11/6/2002  02 08 19 31 43 48 46
11/9/2002  12 13 30 31 44 49 45
11/13/2002 06 07 16 25 40 48 17
11/16/2002 20 24 26 27 33 41 08
11/20/2002 21 29 32 38 40 42 47
11/23/2002 07 10 15 19 24 29 25
11/27/2002 07 09 11 26 35 48 28
11/30/2002 01 02 12 30 37 43 47
12/4/2002  01 03 04 11 34 40 47
12/7/2002  01 14 26 30 33 38 21
12/11/2002 05 08 13 37 40 43 26
12/14/2002 07 19 21 30 36 44 39
12/18/2002 10 11 26 34 40 44 05
12/21/2002 26 29 35 45 48 49 27
12/25/2002 01 17 19 22 36 44 21
12/28/2002 12 14 15 27 28 39 34
1/1/2003   02 05 32 34 38 49 07
1/4/2003   05 13 21 30 37 46 18
1/8/2003   01 02 12 16 28 41 11
1/11/2003  05 09 26 28 32 41 40
1/15/2003  15 17 25 36 38 45 14
1/18/2003  04 06 11 25 30 44 21
1/22/2003  18 22 26 29 35 37 24
1/25/2003  09 14 17 32 39 49 36
1/29/2003  01 06 29 34 41 46 10
2/1/2003   01 05 29 43 44 48 16
2/5/2003   07 09 33 35 45 47 36
2/8/2003   15 23 24 28 30 41 05
2/12/2003  08 23 29 34 40 47 04
2/15/2003  03 11 12 25 32 38 36
2/19/2003  03 24 27 29 32 45 06
2/22/2003  02 06 17 34 46 48 49
2/26/2003  01 05 18 19 24 28 30
3/1/2003   05 17 22 34 40 47 45
3/5/2003   06 08 19 27 45 46 34
3/8/2003   08 20 22 24 33 44 30
3/12/2003  16 18 21 22 32 33 05
3/15/2003  07 15 29 33 40 45 39
3/19/2003  02 20 30 43 44 47 04
3/22/2003  05 24 31 37 38 47 10
3/26/2003  04 06 07 18 46 47 36
3/29/2003  05 07 18 30 37 46 19
4/2/2003   01 25 32 33 34 35 07
4/5/2003   15 21 31 36 44 49 05
4/9/2003   08 10 15 16 31 46 25
4/12/2003  05 07 09 25 28 48 27
4/16/2003  08 18 21 26 42 48 31
4/19/2003  04 12 40 43 48 49 27
4/23/2003  06 09 14 29 34 45 49
4/26/2003  03 17 20 30 32 35 06
4/30/2003  06 07 19 29 43 47 24
5/3/2003   05 12 31 35 37 46 09
5/7/2003   04 20 28 33 43 48 08
5/10/2003  05 13 15 20 24 42 41
5/14/2003  07 32 37 38 44 45 40
5/17/2003  11 17 29 39 41 48 25
5/21/2003  03 07 16 26 38 47 10
5/24/2003  06 12 15 25 31 47 46
5/28/2003  06 16 20 29 33 45 39
5/31/2003  14 18 22 23 31 45 32
6/4/2003   18 19 29 33 40 47 43
6/7/2003   17 20 23 30 40 47 11
6/11/2003  03 09 24 37 46 49 14
6/14/2003  07 08 21 22 27 29 47
6/18/2003  01 11 29 30 42 44 10
6/21/2003  12 22 25 34 39 40 32
6/25/2003  10 14 15 27 41 47 36
6/28/2003  07 09 19 20 25 44 34
7/2/2003   05 08 12 14 25 37 06
7/5/2003   04 15 26 37 41 45 40
7/9/2003   04 06 09 13 46 48 31
7/12/2003  04 08 13 21 29 35 03
7/16/2003  14 21 26 33 35 46 42
7/19/2003  04 13 33 36 41 47 46
7/23/2003  02 07 15 36 37 49 09
7/26/2003  11 22 26 35 41 46 08
7/30/2003  04 06 12 18 41 48 08
8/2/2003   06 13 23 26 33 34 07
8/6/2003   04 16 27 31 37 38 44
8/9/2003   05 07 10 13 27 29 43
8/13/2003  05 06 13 16 27 30 44
8/16/2003  11 15 17 19 32 39 30
8/20/2003  12 16 20 29 36 47 24
8/23/2003  02 06 19 27 35 47 01
8/27/2003  07 14 20 23 38 46 32
8/30/2003  03 06 37 38 45 47 11
9/3/2003   13 15 16 18 26 33 09
9/6/2003   11 27 41 45 46 49 22
9/10/2003  01 15 24 34 40 48 12
9/13/2003  12 21 26 37 43 49 25
9/17/2003  06 11 13 30 31 37 34
9/20/2003  01 06 23 35 36 39 18
9/24/2003  03 05 11 34 38 47 25
9/27/2003  07 08 16 37 43 44 15
10/1/2003  01 11 17 41 42 45 13
10/4/2003  03 28 29 32 37 45 34
10/8/2003  03 11 18 34 37 41 05
10/11/2003 06 09 21 25 27 32 13
10/15/2003 01 10 14 16 25 39 46
10/18/2003 10 25 26 38 46 49 37
10/22/2003 11 17 26 31 40 44 34
10/25/2003 08 13 16 19 33 49 26
10/29/2003 08 09 22 29 37 49 33
11/1/2003  01 08 18 29 31 41 43
11/5/2003  05 06 13 34 35 43 15
11/8/2003  02 23 28 43 47 49 29
11/12/2003 03 04 41 44 45 48 18
11/15/2003 18 27 33 34 44 47 42
11/19/2003 09 10 13 23 28 29 33
11/22/2003 02 16 25 34 34 48 13
11/26/2003 03 05 07 25 40 47 42
11/29/2003 13 17 26 27 29 45 06
12/3/2003  03 11 27 31 33 35 01
12/6/2003  07 21 31 38 42 48 14
12/10/2003 02 13 14 24 29 42 17
12/13/2003 05 07 10 30 34 35 01
12/17/2003 05 14 17 25 34 44 11
12/20/2003 04 18 20 31 39 48 09
12/24/2003 05 12 21 28 30 45 38
12/27/2003 05 09 17 31 37 44 03
12/31/2003 13 14 17 20 39 40 23
1/3/2004   09 13 24 36 44 45 30
1/7/2004   02 06 13 20 42 48 37
1/10/2004  13 16 18 21 32 33 26
1/14/2004  01 07 12 24 44 49 05
1/17/2004  02 12 25 40 41 47 14
1/21/2004  01 07 26 40 43 45 46
1/24/2004  03 08 17 20 26 47 38
1/28/2004  03 14 20 23 25 45 12
1/31/2004  01 20 23 36 38 49 07
2/4/2004   08 22 37 38 45 47 43
2/7/2004   03 14 26 27 35 44 28
2/11/2004  04 10 14 19 21 28 12
2/14/2004  01 05 12 17 31 44 46
2/18/2004  21 22 26 27 40 47 03
2/21/2004  04 05 26 33 38 44 49
2/25/2004  01 09 25 27 37 40 45
2/28/2004  03 15 17 26 27 46 38
3/3/2004   01 02 07 16 43 44 20
3/6/2004   12 17 25 26 43 44 02
3/10/2004  02 17 35 41 46 48 05
3/13/2004  09 27 32 38 39 49 46
3/17/2004  02 23 25 33 34 41 03
3/20/2004  09 13 21 25 38 41 33
3/24/2004  05 15 19 24 26 46 43
3/27/2004  07 19 31 43 45 49 36
3/31/2004  02 03 17 18 19 46 30
4/3/2004   03 17 22 25 40 46 27
4/7/2004   01 10 18 20 30 40 34
4/10/2004  20 33 36 45 46 47 39
4/14/2004  09 12 14 19 31 43 32
4/17/2004  11 13 18 20 24 29 08
4/21/2004  12 24 32 36 39 47 43
4/24/2004  04 06 15 22 23 27 25
4/28/2004  16 30 36 39 45 47 22
5/1/2004   08 21 24 26 34 38 14
5/5/2004   05 13 16 20 28 31 04
5/8/2004   04 07 24 39 43 44 23
5/12/2004  01 10 26 29 40 45 18
5/15/2004  21 24 30 32 40 41 07
5/19/2004  05 16 24 26 46 48 11
5/22/2004  01 11 12 15 32 46 20
5/26/2004  14 35 37 44 46 48 13
5/29/2004  24 29 30 31 34 46 38
6/2/2004   01 04 20 21 26 43 07
6/5/2004   12 13 17 26 43 45 11
6/9/2004   07 23 24 27 41 42 49
6/12/2004  04 10 28 29 30 46 02
6/16/2004  04 22 30 39 46 47 49
6/19/2004  01 33 40 41 45 48 46
6/23/2004  04 06 15 22 27 40 26
6/26/2004  01 07 08 10 18 36 42
6/30/2004  02 21 31 32 41 49 07
7/3/2004   01 11 14 20 31 40 26
7/7/2004   02 07 26 35 39 43 17
7/10/2004  04 26 30 31 48 49 23
7/14/2004  07 19 32 35 36 43 12
7/17/2004  10 18 23 26 41 43 42
7/21/2004  19 21 24 25 45 46 39
7/24/2004  06 13 17 19 24 29 35
7/28/2004  04 08 25 29 36 37 14
7/31/2004  03 21 31 40 43 49 23
8/4/2004   06 07 09 11 30 43 04
8/7/2004   03 12 23 30 36 37 35
8/11/2004  04 16 18 28 30 38 35
8/14/2004  13 29 31 36 37 42 25
8/18/2004  03 04 13 21 27 29 19
8/21/2004  28 30 31 37 39 46 34
8/25/2004  09 16 22 23 33 45 46
8/28/2004  17 19 23 24 28 38 12
9/1/2004   01 02 21 30 31 38 46
9/4/2004   02 04 05 44 46 47 03
9/8/2004   10 26 37 40 42 47 05
9/11/2004  07 10 21 29 32 43 27
9/15/2004  01 03 15 16 22 39 37
9/18/2004  07 11 15 39 42 48 40
9/22/2004  13 30 32 33 42 46 05
9/25/2004  15 17 20 21 44 47 26
9/29/2004  10 12 14 27 34 36 26
10/2/2004  04 09 14 27 35 48 32
10/6/2004  20 26 29 31 40 49 18
10/9/2004  16 23 33 35 43 49 06
10/13/2004 06 15 22 30 31 48 01
10/16/2004 01 03 11 40 42 48 35
10/20/2004 02 03 13 14 31 36 09
10/23/2004 01 08 13 24 27 43 36
10/27/2004 29 30 33 34 37 46 47
10/30/2004 18 26 29 39 43 45 09
11/3/2004  10 18 19 37 43 48 12
11/6/2004  01 06 16 34 37 41 12
11/10/2004 02 09 19 33 35 45 12
11/13/2004 04 06 07 17 31 36 27
11/17/2004 13 24 30 41 43 47 17
11/20/2004 28 30 38 44 45 48 18
11/24/2004 15 17 19 20 35 38 31
11/27/2004 12 15 30 38 47 48 27
12/1/2004  04 23 26 35 36 40 48
12/4/2004  16 24 26 30 39 42 06
12/8/2004  05 11 25 28 35 49 46
12/11/2004 02 09 40 43 47 48 39
12/15/2004 01 17 32 35 38 48 26
12/18/2004 03 18 27 32 37 40 42
12/22/2004 11 17 35 38 43 47 42
12/25/2004 04 13 16 32 35 37 34
12/29/2004 06 11 21 37 40 46 35
1/1/2005   10 16 17 34 40 47 41
1/5/2005   01 02 30 36 42 43 23
1/8/2005   03 15 18 19 32 48 17
1/9/2005   05 22 25 30 45 46 41
1/12/2005  01 13 21 34 36 42 08
1/15/2005  01 08 27 33 34 42 21
1/19/2005  02 05 18 21 34 43 36
1/22/2005  08 10 33 41 42 45 35
1/26/2005  08 09 13 17 34 44 12
1/29/2005  04 24 26 37 41 43 11
2/2/2005   02 06 07 13 31 36 32
2/5/2005   11 17 26 31 46 48 01
2/9/2005   10 15 21 23 28 37 41
2/12/2005  05 12 16 26 37 43 40
2/16/2005  04 05 17 18 34 38 01
2/19/2005  12 16 27 35 39 41 24
2/23/2005  05 08 10 32 48 49 29
2/26/2005  04 12 22 37 43 49 08
3/2/2005   03 16 19 22 23 25 32
3/5/2005   06 12 20 21 24 43 22
3/9/2005   04 10 11 18 23 34 49
3/12/2005  06 07 08 30 34 43 19
3/16/2005  08 10 18 19 25 41 34
3/19/2005  02 09 12 30 34 43 19
3/23/2005  01 14 32 33 37 40 07
3/26/2005  02 19 27 32 41 43 24
3/30/2005  07 10 24 27 30 47 41
4/2/2005   04 12 24 25 38 41 11
4/6/2005   07 08 24 25 38 41 11
4/9/2005   07 10 11 47 48 49 26
4/13/2005  11 12 23 29 30 40 09
4/16/2005  02 11 16 31 33 41 17
4/20/2005  08 09 12 20 45 48 39
4/23/2005  18 19 23 29 33 45 08
4/27/2005  09 14 17 22 26 46 03
4/30/2005  10 11 18 21 32 42 19
5/4/2005   12 19 23 24 29 44 28
5/7/2005   06 26 28 30 33 34 49
5/11/2005  09 10 16 18 20 49 46
5/14/2005  05 11 20 23 27 28 42
5/18/2005  02 05 06 12 19 36 07
5/21/2005  01 21 23 27 40 45 38
5/25/2005  10 12 16 21 29 48 01
5/28/2005  06 12 17 28 37 46 11
6/1/2005   03 14 25 29 33 42 21
6/4/2005   11 16 18 19 21 23 41
6/8/2005   03 08 20 22 38 49 05
6/11/2005  03 04 11 28 30 45 16
6/15/2005  07 10 13 33 39 42 47
6/18/2005  05 06 07 36 38 46 20
6/22/2005  09 10 13 30 33 39 32
6/25/2005  02 10 11 17 26 44 25
6/29/2005  19 42 43 44 46 47 26
7/2/2005   02 18 22 38 39 44 10
7/6/2005   05 07 23 25 31 49 16
7/9/2005   03 08 10 23 26 28 22
7/13/2005  01 07 08 14 32 33 26
7/16/2005  14 22 23 32 43 49 34
7/20/2005  02 07 22 27 45 48 42
7/23/2005  12 22 25 30 33 38 17
7/27/2005  08 19 22 30 34 47 18
7/30/2005  10 16 21 29 38 45 25
8/3/2005   04 05 06 10 23 35 18
8/6/2005   06 22 28 36 41 48 24
8/10/2005  04 10 16 22 39 42 43
8/13/2005  10 17 21 40 44 45 39
8/17/2005  04 07 24 27 28 41 37
8/20/2005  04 14 17 23 26 38 47
8/24/2005  03 22 25 32 36 41 09
8/27/2005  02 32 39 42 45 46 49
8/31/2005  01 18 30 33 36 47 23
9/3/2005   08 12 22 37 42 46 24
9/7/2005   02 03 16 37 45 49 22
9/10/2005  06 08 26 33 35 42 41
9/14/2005  02 06 18 25 30 32 11
9/17/2005  04 07 13 33 40 47 37
9/21/2005  15 17 24 26 34 35 08
9/24/2005  15 20 32 39 40 47 30
9/28/2005  04 11 21 27 38 41 36
10/1/2005  09 14 19 23 43 45 20
10/5/2005  01 12 15 16 21 35 40
10/8/2005  05 13 15 17 24 27 29
10/12/2005 11 15 23 34 35 36 28
10/15/2005 01 20 31 32 45 46 39
10/19/2005 11 19 33 35 39 40 32
10/22/2005 03 21 25 26 31 40 44
10/26/2005 05 11 20 30 37 43 31
10/29/2005 04 14 19 25 26 49 21
11/2/2005  09 13 14 40 43 49 32
11/6/2005  04 30 39 42 45 46 38
11/9/2005  07 30 36 39 42 49 09
11/12/2005 01 14 24 30 35 45 09
11/16/2005 11 14 36 40 43 45 25
11/19/2005 01 06 08 11 23 46 13
11/23/2005 04 06 10 17 33 49 37
11/26/2005 15 21 31 35 41 46 22
11/30/2005 05 18 22 28 29 32 17
12/3/2005  16 19 21 25 35 45 24
12/7/2005  02 08 12 19 23 41 49
12/10/2005 06 18 23 37 40 45 48
12/14/2005 04 19 24 31 35 43 07
12/17/2005 04 13 18 19 42 43 45
12/21/2005 04 09 25 27 31 33 44
12/24/2005 16 17 18 23 28 33 27
12/28/2005 06 07 10 29 42 44 25
12/31/2005 10 13 31 33 34 35 22
1/4/2006   06 21 33 42 43 46 25
1/7/2006   05 20 28 30 41 42 16
1/11/2006  12 35 36 43 44 45 46
1/14/2006  11 29 35 36 44 48 30
1/18/2006  03 08 09 20 22 35 04
1/21/2006  03 05 10 21 30 37 08
1/25/2006  07 14 20 21 42 45 18
1/28/2006  09 19 22 33 37 46 35
2/1/2006   02 12 14 41 42 43 20
2/4/2006   02 16 17 29 39 41 11
2/8/2006   19 29 33 40 46 48 34
2/11/2006  05 21 29 30 36 45 49
2/15/2006  12 13 15 32 40 43 47
2/18/2006  17 20 24 28 31 41 25
2/22/2006  08 26 31 35 36 47 24
2/25/2006  07 09 13 23 26 47 28
3/1/2006   09 15 22 33 38 48 10
3/4/2006   07 28 35 40 42 48 46
3/8/2006   11 15 18 33 42 49 21
3/11/2006  12 13 19 20 21 29 38
3/15/2006  02 07 15 23 25 45 41
3/18/2006  01 06 31 37 44 45 19
3/22/2006  08 12 17 23 36 38 43
3/25/2006  17 23 24 33 35 41 47
3/29/2006  01 14 23 35 47 49 05
4/1/2006   04 06 08 12 34 38 14
4/5/2006   10 19 20 35 36 38 26
4/8/2006   01 06 08 10 15 20 34
4/12/2006  11 14 15 29 31 47 19
4/15/2006  02 03 09 21 26 29 42
4/19/2006  03 07 16 18 29 49 32
4/22/2006  21 22 23 24 48 49 03
4/26/2006  01 25 35 36 37 44 15
4/29/2006  04 29 35 40 43 45 09
5/3/2006   01 17 24 29 34 46 27
5/6/2006   06 28 30 31 34 48 47
5/10/2006  03 17 36 44 45 48 08
5/13/2006  02 10 11 16 42 43 21
5/17/2006  09 19 20 24 36 48 10
5/20/2006  15 18 22 31 43 49 26
5/24/2006  01 15 18 19 29 37 05
5/27/2006  09 15 18 34 35 45 06
5/31/2006  11 14 34 40 42 43 06
6/3/2006   08 20 21 27 36 48 11
6/7/2006   11 12 14 27 34 48 08
6/10/2006  18 23 32 34 41 46 49
6/14/2006  10 11 36 38 46 48 26
6/17/2006  11 14 20 25 31 36 48
6/21/2006  04 17 34 39 41 46 26
6/24/2006  02 20 26 29 37 45 17
6/28/2006  03 05 19 20 34 47 31
7/1/2006   11 19 36 41 46 49 38
7/5/2006   02 21 22 29 34 35 07
7/8/2006   11 14 29 33 42 44 07
7/12/2006  06 26 30 38 44 45 16
7/15/2006  13 17 21 33 41 42 38
7/19/2006  08 13 21 22 24 39 04
7/22/2006  02 06 09 20 43 44 46
7/29/2006  13 16 21 42 46 49 08
8/2/2006   06 26 27 33 41 42 24
8/5/2006   02 13 19 25 30 32 40
8/9/2006   13 15 28 29 33 47 25
8/12/2006  03 10 21 23 33 44 43
8/16/2006  03 04 08 25 41 48 22
8/19/2006  09 10 19 43 47 49 29
8/23/2006  04 07 16 23 27 39 03
8/26/2006  01 09 10 24 32 35 39
8/30/2006  01 09 15 26 29 32 46
9/2/2006   03 09 10 14 17 19 12
9/6/2006   03 08 20 26 37 46 27
9/9/2006   13 22 31 32 34 48 26
9/13/2006  19 30 32 33 38 41 14
9/16/2006  05 13 14 29 39 40 34
9/20/2006  10 30 41 43 45 47 34
9/23/2006  06 11 19 20 32 39 38
9/27/2006  15 23 38 40 41 49 02
9/30/2006  01 10 18 24 31 46 19
10/4/2006  12 13 22 26 37 45 14
10/7/2006  15 20 33 37 39 45 13
10/11/2006 08 12 24 30 34 35 47
10/14/2006 09 14 22 45 47 49 25
10/18/2006 06 18 25 34 45 49 41
10/21/2006 02 04 25 29 41 43 38
10/25/2006 09 33 37 38 42 49 31
10/28/2006 01 10 26 38 39 47 45
11/1/2006  02 18 24 25 30 40 45
11/4/2006  06 23 30 33 37 41 17
11/8/2006  03 04 20 38 42 48 34
11/11/2006 03 05 06 07 26 40 16
11/15/2006 05 08 34 37 44 47 24
11/18/2006 01 11 22 25 39 41 44
11/22/2006 03 08 14 28 31 39 32
11/25/2006 01 18 20 23 41 47 37
11/29/2006 05 09 14 31 37 46 08
12/2/2006  08 32 33 43 46 49 01
12/6/2006  02 06 12 18 22 29 04
12/9/2006  04 11 18 20 29 44 24
12/13/2006 08 11 22 27 33 36 01
12/16/2006 07 22 24 30 38 46 41
12/20/2006 02 09 12 29 33 37 46
12/23/2006 04 06 19 22 23 45 43
12/27/2006 04 05 12 24 38 45 22
12/30/2006 10 14 18 40 45 49 01
1/3/2007   04 14 17 20 38 48 07
1/6/2007   19 20 33 43 45 47 38
1/10/2007  09 16 19 41 46 49 04
1/13/2007  01 02 03 19 25 41 31
1/17/2007  05 07 09 30 39 40 25
1/20/2007  24 40 45 47 48 49 07
1/24/2007  06 11 20 26 34 45 02
1/27/2007  06 09 17 20 22 40 07
1/31/2007  02 06 09 11 14 37 25
2/3/2007   10 13 24 27 37 39 14
2/7/2007   04 08 11 27 37 47 21
2/10/2007  08 13 23 37 41 42 26
2/14/2007  10 24 35 40 41 45 39
2/17/2007  13 20 31 36 43 46 19
2/21/2007  05 06 17 21 31 46 49
2/24/2007  04 06 15 33 38 40 13
2/28/2007  03 06 12 15 43 44 37
3/3/2007   03 21 27 37 43 44 09
3/7/2007   07 09 21 29 31 47 12
3/10/2007  09 18 28 37 42 49 24
3/14/2007  12 19 22 34 46 47 36
3/17/2007  13 21 23 27 28 34 31
3/21/2007  03 07 26 30 33 46 32
3/24/2007  01 13 19 26 32 46 28
3/28/2007  07 20 24 25 29 45 36
3/31/2007  04 09 16 32 37 41 05
4/4/2007   05 16 21 25 40 48 31
4/7/2007   10 12 23 26 35 37 47
4/11/2007  06 10 21 24 38 48 26
4/14/2007  06 15 22 26 41 49 09
4/18/2007  14 22 25 30 44 48 01
4/21/2007  17 29 33 43 45 49 18
4/25/2007  03 06 12 19 24 29 40
4/28/2007  03 19 20 23 35 38 48
5/2/2007   22 24 32 33 37 41 46
5/5/2007   01 23 26 28 33 40 10
5/9/2007   11 17 27 32 39 49 19
5/12/2007  05 07 13 27 45 47 11
5/16/2007  11 14 31 33 37 45 09
5/19/2007  08 16 33 37 40 42 35
5/23/2007  04 13 19 23 33 48 16
5/26/2007  06 17 29 32 36 47 37
5/30/2007  03 16 20 27 34 35 38
6/2/2007   08 16 19 32 40 46 28
6/6/2007   02 11 24 31 39 49 09
6/9/2007   10 20 25 41 44 46 06
6/13/2007  02 10 19 36 40 48 18
6/16/2007  03 15 31 33 43 48 24
6/20/2007  04 07 13 41 44 47 19
6/23/2007  07 20 24 37 43 49 21
6/27/2007  07 14 17 19 34 37 11
6/30/2007  06 12 25 43 45 47 31
7/4/2007   20 25 26 39 42 44 10
7/7/2007   10 19 25 31 37 40 01
7/11/2007  04 14 21 29 36 41 46
7/14/2007  10 27 33 38 40 49 21
7/18/2007  02 03 18 31 38 46 17
7/21/2007  09 10 22 29 38 41 11
7/25/2007  08 11 12 18 40 42 17
7/28/2007  01 05 17 32 39 45 40
8/1/2007   07 21 23 37 43 48 35
8/4/2007   09 17 18 20 41 49 46
8/8/2007   02 15 28 41 42 46 03
8/11/2007  01 17 23 34 37 49 13
8/15/2007  03 16 22 27 28 32 05
8/18/2007  02 12 32 34 38 48 43
8/22/2007  02 07 18 32 36 43 22
8/25/2007  09 19 31 35 39 42 01
8/29/2007  07 21 22 24 30 31 29
9/1/2007   11 17 18 28 31 46 42
9/5/2007   17 18 20 22 25 36 11
9/8/2007   03 08 16 20 24 25 23
9/12/2007  10 11 16 21 24 38 23
9/15/2007  09 39 40 43 46 48 24
9/19/2007  05 17 24 36 41 49 39
9/22/2007  05 08 12 15 39 47 40
9/26/2007  21 25 32 35 40 47 06
9/29/2007  09 19 26 29 39 45 33
10/3/2007  03 17 18 24 31 32 42
10/6/2007  05 15 30 35 41 48 06
10/10/2007 09 37 39 45 47 48 04
10/13/2007 01 26 30 32 39 47 21
10/17/2007 12 24 33 36 39 45 28
10/20/2007 07 08 13 26 32 35 41
10/24/2007 08 09 31 42 45 49 19
10/27/2007 12 13 17 34 40 47 09
10/31/2007 02 08 23 25 33 48 43
11/3/2007  08 23 33 40 46 49 37
11/7/2007  04 12 24 25 37 49 33
11/10/2007 03 13 14 17 20 42 40
11/14/2007 03 15 24 25 40 44 39
11/17/2007 14 17 27 41 47 48 24
11/21/2007 02 10 13 15 28 41 38
11/24/2007 01 10 25 27 30 36 41
11/28/2007 07 13 27 37 40 46 11
12/1/2007  16 21 31 40 43 45 37
12/5/2007  01 02 23 29 30 42 12
12/8/2007  02 09 11 22 35 45 31
12/12/2007 06 24 31 32 34 39 22
12/15/2007 03 11 32 34 44 48 33
12/19/2007 06 09 15 32 37 48 38
12/22/2007 08 17 30 36 40 47 24
12/26/2007 08 10 12 14 31 39 09
12/29/2007 07 13 16 24 35 42 01
1/2/2008   04 06 07 16 32 45 43
1/3/2008   03 07 09 28 31 43 02
1/5/2008   03 22 25 36 39 40 41
1/12/2008  03 10 32 43 44 46 35
1/16/2008  07 15 34 39 41 49 22
1/19/2008  13 18 22 29 37 49 47
1/23/2008  06 10 13 20 32 37 34
1/26/2008  01 05 11 37 44 47 36
1/30/2008  01 20 21 23 40 41 12
2/2/2008   07 11 13 34 46 47 09
2/6/2008   02 04 11 30 34 47 42
2/9/2008   03 17 26 33 39 46 18
2/13/2008  14 24 26 29 41 46 22
2/16/2008  19 29 33 35 44 49 22
2/20/2008  01 06 08 38 39 40 31
2/23/2008  04 14 20 31 32 42 18
2/27/2008  02 04 17 33 36 45 35
3/1/2008   03 07 09 28 31 43 02
3/5/2008   17 20 33 35 37 40 25
3/8/2008   11 12 13 16 46 48 28
3/12/2008  03 11 22 29 41 44 48
3/15/2008  03 09 11 19 30 39 20
3/19/2008  23 40 41 42 44 45 43
3/22/2008  05 06 10 25 36 38 07
3/26/2008  01 06 15 27 33 40 46
3/29/2008  04 07 10 12 26 33 24
4/2/2008   02 05 08 20 21 33 11
4/5/2008   16 18 21 27 36 43 44
4/9/2008   20 21 22 29 39 41 25
4/12/2008  01 13 23 35 38 42 22
4/16/2008  13 25 34 35 47 48 22
4/19/2008  05 27 30 32 46 49 09
4/23/2008  12 24 25 29 41 45 14
4/26/2008  01 02 18 38 42 45 30
4/30/2008  03 06 19 23 39 43 14
5/3/2008   03 06 15 27 40 44 41
5/7/2008   13 22 29 33 46 49 18
5/10/2008  13 15 17 26 34 48 25
5/14/2008  09 20 22 28 35 42 15
5/17/2008  05 21 35 38 47 48 45
5/21/2008  03 04 07 19 28 32 06
5/24/2008  03 16 22 39 42 49 28
5/28/2008  03 04 22 23 26 28 08
5/31/2008  02 09 11 22 34 35 26
6/4/2008   05 21 25 32 33 41 45
6/7/2008   27 29 33 36 43 48 24
6/11/2008  02 24 33 35 44 48 37
6/14/2008  06 09 14 18 42 44 36
6/18/2008  02 12 31 40 44 45 11
6/21/2008  06 07 14 16 17 27 32
6/25/2008  01 23 29 34 37 45 08
6/28/2008  04 16 20 23 28 44 32
7/2/2008   12 18 19 35 42 43 44
7/5/2008   02 07 08 32 13 49 48
7/9/2008   02 25 28 40 45 46 34
7/12/2008  15 18 19 21 24 35 37
7/16/2008  03 10 16 17 25 39 19
7/19/2008  10 20 28 36 40 46 23
7/23/2008  07 09 25 35 40 48 01
7/26/2008  02 06 20 23 38 45 24
7/30/2008  03 10 21 26 38 43 48
8/2/2008   02 09 26 44 47 49 34
8/6/2008   10 18 22 26 34 38 39
8/9/2008   01 34 37 39 40 42 11
8/13/2008  01 16 28 29 39 45 23
8/16/2008  12 16 19 32 42 49 03
8/20/2008  03 06 09 27 28 36 45
8/23/2008  03 07 13 30 38 46 24
8/27/2008  02 12 25 28 35 48 03
8/30/2008  02 26 29 36 37 45 31
9/3/2008   05 21 28 32 43 46 13
9/6/2008   02 05 09 17 32 35 36
9/10/2008  02 15 25 31 38 49 48
9/13/2008  05 18 20 26 37 39 14
9/17/2008  07 09 17 23 27 32 22
9/20/2008  02 10 24 31 33 49 03
9/24/2008  10 27 36 40 42 43 37
9/27/2008  11 19 29 33 44 46 34
10/1/2008  02 08 22 29 34 48 47
10/4/2008  12 19 23 25 36 46 02
10/8/2008  04 13 19 32 40 45 28
10/11/2008 07 08 23 38 39 45 47
10/15/2008 07 09 15 21 38 40 13
10/18/2008 11 13 26 32 34 44 02
10/22/2008 08 09 12 20 42 45 39
10/25/2008 04 09 25 26 41 46 40
10/29/2008 01 03 26 33 42 46 45
11/1/2008  18 25 33 40 42 49 19
11/5/2008  04 13 17 27 35 45 34
11/8/2008  02 03 19 28 36 45 39
11/12/2008 12 30 34 38 39 43 36
11/15/2008 08 09 12 16 19 21 47
11/19/2008 24 28 34 38 44 45 35
11/22/2008 09 21 28 37 44 49 19
11/26/2008 11 33 34 42 43 48 07
11/29/2008 09 12 16 26 30 37 27
12/3/2008  02 08 12 22 36 37 23
12/6/2008  04 08 29 37 40 48 45
12/10/2008 06 12 18 27 42 43 07
12/13/2008 04 15 34 36 43 47 09
12/17/2008 11 18 22 28 30 49 25
12/20/2008 04 07 08 10 47 48 06
12/24/2008 11 12 29 32 35 43 26
12/27/2008 06 10 20 23 45 47 11
12/31/2008 05 07 23 33 37 38 26
1/3/2009   04 13 17 25 36 48 28
1/7/2009   10 13 19 35 39 41 04
1/10/2009  11 17 18 25 27 34 19
1/14/2009  20 35 36 37 39 49 38
1/17/2009  08 12 20 28 39 47 10
1/21/2009  08 32 34 39 43 48 25
1/24/2009  09 13 20 29 45 46 05
1/28/2009  01 06 20 22 24 46 36
1/31/2009  14 15 20 28 34 39 41
2/4/2009   15 16 22 31 43 44 32
2/7/2009   14 20 24 30 34 37 31
2/11/2009  01 06 17 19 41 42 31
2/14/2009  16 25 29 37 45 49 20
2/18/2009  11 17 34 37 41 49 05
2/21/2009  11 20 33 34 37 39 22
2/25/2009  05 11 26 31 36 39 04
2/28/2009  02 08 26 46 48 49 34
3/4/2009   07 15 23 25 27 40 43
3/7/2009   08 12 14 22 29 49 11
3/11/2009  02 18 20 23 24 48 30
3/14/2009  04 11 13 16 41 45 35
3/18/2009  11 27 29 33 34 44 36
3/21/2009  14 19 34 37 39 42 47
3/25/2009  09 16 34 42 44 48 13
3/28/2009  06 10 33 39 40 48 43
4/1/2009   04 06 24 32 46 48 08
4/4/2009   17 20 22 37 40 48 33
4/8/2009   02 05 13 24 35 43 18
4/11/2009  05 06 07 11 17 34 48
4/15/2009  06 13 23 34 41 43 27
4/18/2009  04 05 21 33 42 47 24
4/22/2009  10 12 21 38 41 42 28
4/25/2009  01 11 17 29 31 46 35
4/29/2009  08 20 22 29 33 49 48
5/2/2009   08 15 17 22 30 40 11
5/6/2009   01 04 09 20 30 44 18
5/9/2009   14 19 23 31 34 39 24
5/13/2009  06 10 24 28 31 46 25
5/16/2009  16 17 23 27 30 45 39
5/20/2009  04 22 26 29 39 48 31
5/23/2009  07 08 15 24 27 32 34
5/27/2009  03 04 24 26 29 49 13
5/30/2009  01 07 19 21 39 45 42
6/3/2009   05 06 14 30 38 39 34
6/6/2009   11 12 18 21 30 37 01
6/10/2009  09 27 28 40 45 48 24
6/13/2009  01 15 20 30 41 48 10
6/17/2009  04 05 08 15 19 40 22
6/20/2009  04 05 19 28 31 38 34
6/24/2009  13 19 23 33 38 48 02
6/27/2009  05 15 28 31 32 45 11
7/1/2009   02 05 19 26 29 31 28
7/4/2009   01 14 23 27 32 44 48
7/8/2009   12 32 35 36 37 46 23
7/11/2009  09 11 18 23 29 40 26
7/15/2009  03 05 16 26 40 45 31
7/18/2009  02 04 15 39 45 49 37
7/22/2009  08 14 24 36 40 42 19
7/25/2009  10 19 29 32 38 44 03
7/26/2009  03 07 15 38 43 47 32
7/29/2009  03 23 29 37 44 45 39
8/1/2009   13 14 24 31 40 48 44
8/5/2009   02 05 12 31 34 48 44
8/8/2009   11 22 31 32 40 49 13
8/12/2009  07 10 31 32 42 47 30
8/15/2009  05 06 15 31 38 39 36
8/19/2009  05 06 22 23 25 27 32
8/22/2009  15 19 23 38 43 49 33
8/26/2009  04 06 09 29 33 49 15
8/29/2009  09 10 26 29 32 37 12
9/2/2009   04 06 09 30 33 49 13
9/5/2009   12 13 27 32 45 46 18
9/9/2009   03 06 17 27 28 44 43
9/12/2009  03 12 13 36 46 48 09
9/16/2009  06 17 36 41 42 49 01
9/19/2009  01 07 23 29 30 33 09
9/23/2009  04 08 11 12 34 43 22
9/26/2009  05 06 14 18 30 35 02
9/30/2009  04 10 29 33 39 46 02
10/3/2009  14 19 27 32 45 49 34
10/7/2009  02 04 12 24 36 38 16
10/10/2009 05 11 12 22 23 26 41
10/14/2009 04 17 19 22 24 46 30
10/17/2009 08 17 24 34 42 46 05
10/21/2009 02 11 29 32 48 49 34
10/24/2009 05 13 25 34 36 46 41
10/28/2009 18 26 32 34 43 44 37
10/31/2009 05 24 31 34 35 44 46
11/4/2009  02 07 08 18 20 37 12
11/7/2009  12 15 18 25 29 32 14
11/11/2009 01 19 23 24 25 43 05
11/14/2009 01 09 19 25 31 41 42
11/18/2009 02 04 13 24 30 42 09
11/21/2009 18 25 35 43 46 47 04
11/25/2009 05 10 16 19 33 47 24
11/28/2009 17 26 27 28 33 49 43
12/2/2009  02 04 24 25 47 48 44
12/5/2009  08 10 14 22 28 29 02
12/9/2009  01 15 17 26 28 38 44
12/12/2009 16 20 26 31 38 49 42
12/16/2009 04 22 23 46 48 49 18
12/19/2009 12 15 19 41 42 49 48
12/23/2009 01 05 09 11 22 38 27
12/26/2009 05 14 34 38 40 43 36
12/30/2009 05 09 23 30 34 36 24
1/2/2010   16 22 25 33 39 48 28
1/6/2010   10 12 15 23 26 44 30
1/9/2010   07 09 10 27 28 40 42
1/13/2010  26 28 30 39 40 48 27
1/16/2010  12 21 25 30 41 43 48
1/20/2010  13 17 25 40 45 47 42
1/23/2010  29 35 36 38 41 43 47
1/27/2010  14 17 19 21 40 42 26
1/30/2010  02 31 32 34 40 49 05
2/3/2010   09 24 29 35 37 40 21
2/6/2010   04 12 14 15 21 23 13
2/10/2010  13 24 30 32 37 48 49
2/13/2010  01 09 23 28 37 39 12
2/17/2010  14 16 34 41 45 49 05
2/20/2010  13 15 18 20 23 26 17
2/24/2010  04 13 18 21 22 42 03
2/27/2010  04 06 14 23 25 36 27
3/3/2010   10 19 23 24 33 38 21
3/6/2010   07 09 14 24 25 44 28
3/10/2010  08 12 28 30 38 48 02
3/13/2010  03 13 15 28 41 47 40
3/17/2010  05 06 21 38 42 45 46
3/20/2010  09 11 15 34 35 42 47
3/24/2010  05 19 27 32 44 46 25
3/27/2010  02 04 09 22 43 44 29
3/31/2010  27 28 33 37 48 49 05
4/2/2010   01 02 13 17 24 39 34
4/7/2010   03 10 13 22 34 43 46
4/10/2010  07 09 23 25 27 41 15
4/14/2010  09 12 20 28 33 46 10
4/17/2010  04 11 12 25 42 43 44
4/21/2010  01 07 08 11 28 39 45
4/24/2010  03 10 14 36 38 40 23
4/28/2010  06 24 27 34 36 42 18
5/1/2010   04 07 10 22 25 33 49
5/5/2010   12 13 15 31 47 49 28
5/8/2010   04 10 21 39 45 48 12
5/12/2010  08 09 20 26 28 29 38
5/15/2010  03 05 08 15 33 35 14
5/19/2010  27 28 35 40 43 48 20
5/22/2010  07 08 19 23 30 46 04
5/26/2010  12 13 33 43 46 49 48
5/29/2010  18 32 40 41 47 49 07
6/2/2010   15 19 30 31 34 37 07
6/5/2010   30 31 32 34 36 49 09
6/9/2010   12 13 25 30 37 41 48
6/12/2010  03 11 14 20 41 47 09
6/16/2010  02 05 09 20 25 32 30
6/19/2010  11 18 27 29 32 39 01
6/23/2010  16 18 21 36 46 48 47
6/26/2010  01 10 16 25 36 38 29
6/30/2010  04 14 24 26 34 43 01
7/3/2010   09 12 19 29 38 47 18
7/7/2010   03 08 18 34 44 49 30
7/10/2010  13 14 16 28 34 42 26
7/14/2010  04 17 20 31 36 40 37
7/17/2010  24 26 28 37 43 48 08
7/21/2010  13 14 15 17 28 36 29
7/24/2010  03 06 26 32 43 49 29
7/28/2010  02 15 27 30 34 36 31
7/31/2010  01 35 38 40 47 48 29
8/4/2010   05 08 13 22 35 40 09
8/7/2010   10 14 18 41 42 47 16
8/11/2010  03 10 12 20 26 27 47
8/14/2010  09 20 22 23 26 44 05
8/18/2010  03 07 12 25 28 37 16
8/21/2010  07 10 15 26 36 41 21
8/25/2010  05 08 20 26 31 36 15
8/28/2010  01 04 07 25 30 45 06
9/1/2010   13 32 35 39 46 48 05
9/4/2010   03 09 15 19 32 46 27
9/8/2010   04 06 11 45 46 47 48
9/11/2010  03 09 11 13 27 45 05
9/15/2010  06 11 21 26 34 41 24
9/18/2010  01 14 17 19 40 42 30
9/22/2010  13 19 29 30 33 49 05
9/25/2010  07 11 15 30 31 45 23
9/29/2010  01 07 19 31 35 44 36
10/2/2010  07 13 18 23 26 27 46
10/6/2010  10 20 24 32 37 47 49
10/9/2010  01 08 15 36 38 49 16
10/13/2010 02 03 23 29 34 36 17
10/16/2010 20 28 32 36 42 46 21
10/20/2010 09 10 14 15 19 29 35
10/23/2010 02 13 21 22 40 44 37
10/27/2010 02 16 20 23 33 43 06
10/30/2010 10 15 24 29 35 38 08
11/3/2010  10 11 16 19 28 40 08
11/6/2010  01 11 13 17 23 31 27
11/10/2010 04 05 17 30 36 38 45
11/13/2010 05 15 37 35 38 47 23
11/17/2010 03 12 14 16 29 38 23
11/20/2010 01 10 13 23 41 43 39
11/24/2010 05 11 26 28 35 46 49
11/27/2010 04 13 23 24 37 47 45
12/1/2010  02 11 12 29 40 42 35
12/4/2010  09 12 16 24 25 38 31
12/8/2010  01 06 07 08 22 46 17
12/11/2010 02 07 13 17 27 41 08
12/15/2010 01 05 08 11 29 33 36
12/18/2010 05 07 13 33 37 39 44
12/22/2010 03 05 10 11 35 45 33
12/25/2010 02 12 23 26 27 31 20
12/29/2010 06 11 19 21 39 49 28
1/1/2011   08 15 39 44 45 49 29
1/5/2011   01 03 08 12 32 47 19
1/8/2011   05 06 11 16 24 40 10
1/12/2011  04 09 15 27 28 46 18
1/15/2011  10 15 35 42 44 47 39
1/19/2011  07 13 18 21 23 24 48
1/22/2011  04 05 09 12 33 36 38
1/26/2011  04 06 22 24 31 40 33
1/29/2011  03 04 16 35 40 44 32
2/2/2011   04 11 18 27 28 46 39
2/5/2011   20 25 32 39 40 44 48
2/9/2011   17 19 21 33 34 46 47
2/12/2011  03 15 22 31 43 47 42
2/16/2011  10 15 29 30 44 45 28
2/19/2011  10 16 20 26 34 48 40
2/23/2011  05 06 15 24 35 48 39
2/26/2011  03 16 17 31 33 46 37
3/2/2011   27 28 31 41 42 43 46
3/5/2011   19 21 27 33 36 38 03
3/9/2011   04 07 18 21 41 46 37
3/12/2011  06 09 17 23 26 36 42
3/16/2011  01 03 15 19 36 37 02
3/19/2011  07 25 28 31 36 45 49
3/23/2011  05 10 11 21 24 43 32
3/26/2011  04 06 21 22 42 43 12
3/30/2011  08 15 17 29 36 44 16
4/2/2011   16 21 26 28 45 46 49
4/6/2011   01 03 23 26 35 38 11
4/9/2011   17 23 24 40 45 48 18
4/13/2011  03 08 15 20 26 45 12
4/16/2011  05 07 11 12 33 39 28
4/20/2011  12 15 33 34 38 43 30
4/23/2011  01 08 18 27 35 45 47
4/27/2011  03 08 31 42 44 48 33
4/30/2011  01 06 07 24 30 48 04
5/4/2011   08 09 26 39 46 47 38
5/7/2011   02 23 24 27 36 48 16
5/11/2011  14 20 30 34 37 45 15
5/14/2011  12 29 30 36 39 45 20
5/18/2011  01 39 42 45 48 49 29
5/21/2011  07 08 17 22 24 30 37
5/25/2011  05 32 37 38 39 42 22
5/28/2011  11 13 17 21 43 49 05
6/1/2011   18 23 27 44 46 47 29
6/4/2011   19 20 27 29 33 45 41
6/8/2011   07 10 21 22 38 39 11
6/11/2011  06 07 08 09 20 28 22
6/15/2011  02 04 22 25 28 31 17
6/18/2011  04 09 14 21 34 45 25
6/22/2011  05 07 16 27 37 49 25
6/25/2011  04 17 23 31 45 48 29
6/29/2011  03 15 23 33 39 47 41
7/2/2011   02 16 30 41 44 48 21
7/6/2011   14 25 31 36 44 47 37
7/9/2011   04 07 23 31 33 36 22
7/13/2011  02 08 28 29 34 44 38
7/16/2011  02 12 23 35 39 49 44
7/20/2011  02 21 23 30 34 42 46
7/23/2011  03 05 11 23 33 34 24
7/27/2011  02 03 15 23 41 46 10
7/30/2011  06 07 10 19 21 45 16
8/03/2011  06 17 21 28 31 38 43
8/06/2011  09 21 28 31 34 37 02
8/10/2011  09 18 24 27 29 43 05
8/13/2011  28 35 42 45 46 49 27
8/17/2011  07 18 23 24 27 32 26
8/20/2011  06 11 18 20 21 34 47
8/24/2011  12 15 18 29 33 46 48
8/27/2011  11 14 19 20 21 47 45
8/31/2011  11 16 25 35 38 41 37
9/03/2011  14 15 25 32 41 42 49
9/07/2011  10 15 29 32 34 40 06
9/10/2011  17 18 25 31 42 49 28
9/14/2011  12 26 28 31 33 45 27
9/17/2011  15 17 19 23 27 38 07
9/21/2011  01 23 30 38 45 48 03
9/24/2011  03 08 15 16 20 46 35
9/28/2011  02 14 29 32 41 41 03
10/1/2011  08 15 24 25 30 35 13
10/5/2011  07 10 13 19 26 29 23
10/8/2011  07 13 14 16 22 48 32
10/12/2011 06 07 12 20 38 40 43
10/15/2011 14 24 27 36 39 42 03
10/19/2011 09 14 17 20 44 45 33
10/22/2011 08 18 20 30 32 46 22
10/26/2011 01 02 38 39 40 49 44
10/29/2011 05 08 13 16 40 49 20
11/02/2011 03 22 32 40 45 48 04
11/05/2011 14 18 22 34 36 43 03
11/09/2011 12 30 36 37 40 48 32
11/12/2011 03 04 20 34 39 48 02
